0 0.97890625 0.184375 0.03125 0.03125
0 0.77265625 0.1625 0.0296875 0.03125
0 0.8203125 0.140625 0.0265625 0.03125
0 0.56796875 0.1375 0.0359375 0.034375
0 0.85390625 0.17578125 0.028125 0.0328125
0 0.94296875 0.16875 0.0265625 0.0328125
0 0.91015625 0.15234375 0.0265625 0.03125
0 0.72265625 0.2046875 0.0359375 0.075
0 0.89453125 0.1890625 0.0296875 0.0375
0 0.50625 0.17265625 0.046875 0.046875
0 0.5890625 0.19921875 0.040625 0.04375
0 0.65078125 0.15859375 0.0328125 0.03125
0 0.6875 0.171875 0.0328125 0.03125
0 0.725 0.184375 0.0328125 0.03125
0 0.74375 0.1546875 0.028125 0.028125
0 0.8109375 0.190625 0.03125 0.0328125
1 0.51015625 0.31171875 0.0875 0.171875
1 0.5703125 0.26015625 0.0828125 0.1484375
1 0.59296875 0.32578125 0.06875 0.1546875
1 0.65 0.2765625 0.0828125 0.140625
1 0.68828125 0.271875 0.0421875 0.1296875
1 0.72109375 0.3 0.075 0.140625
1 0.75 0.21953125 0.025 0.0375
1 0.76640625 0.26953125 0.0578125 0.1296875
1 0.80546875 0.29921875 0.0703125 0.1328125
1 0.815625 0.2109375 0.053125 0.0515625
1 0.853125 0.271875 0.0578125 0.1078125
1 0.8984375 0.29375 0.08125 0.128125
1 0.91875 0.2109375 0.021875 0.0203125
1 0.934375 0.23046875 0.05 0.0421875
1 0.96796875 0.28203125 0.0640625 0.1171875
1 0.32734375 0.50078125 0.0609375 0.0765625
1 0.01015625 0.6109375 0.0203125 0.134375
