3 0.6515625 0.33203125 0.04375 0.0671875
3 0.6203125 0.3703125 0.034375 0.04375
3 0.58203125 0.39921875 0.0390625 0.0625
3 0.35 0.428125 0.0359375 0.0578125
3 0.16328125 0.4546875 0.0328125 0.053125
3 0.22109375 0.4546875 0.0296875 0.0484375
3 0.68984375 0.46484375 0.0390625 0.0703125
3 0.65625 0.4703125 0.034375 0.05625
3 0.2484375 0.47578125 0.0359375 0.0671875
3 0.834375 0.48828125 0.04375 0.0625
3 0.13828125 0.49140625 0.03125 0.084375
3 0.8015625 0.5015625 0.03125 0.075
2 0.8421875 0.91328125 0.0578125 0.0703125
2 0.72734375 0.89765625 0.0546875 0.0796875
2 0.6671875 0.865625 0.0546875 0.0359375
2 0.61640625 0.87265625 0.0515625 0.053125
2 0.3640625 0.8703125 0.0671875 0.0484375
2 0.4078125 0.90859375 0.071875 0.0703125
2 0.25234375 0.90625 0.0640625 0.075
2 0.30625 0.90390625 0.053125 0.0765625
2 0.15234375 0.9 0.0609375 0.075
