3 0.521875 0.2765625 0.053125 0.1421875
3 0.43125 0.303125 0.0453125 0.0953125
3 0.09609375 0.32421875 0.04375 0.1109375
3 0.859375 0.38203125 0.0453125 0.1203125
3 0.915625 0.4 0.034375 0.075
3 0.12265625 0.5515625 0.071875 0.084375
3 0.4546875 0.58046875 0.0578125 0.0890625
3 0.7921875 0.584375 0.0515625 0.0765625
3 0.11796875 0.65625 0.04375 0.053125
3 0.92578125 0.665625 0.0578125 0.10625
3 0.640625 0.73203125 0.0609375 0.1328125
2 0.1578125 0.9171875 0.0703125 0.065625
2 0.37265625 0.94453125 0.075 0.065625
