3 0.30390625 0.39296875 0.0171875 0.021875
3 0.08984375 0.4046875 0.0265625 0.0359375
3 0.7765625 0.40625 0.0234375 0.025
3 0.6890625 0.41484375 0.0265625 0.0453125
3 0.5625 0.4171875 0.0296875 0.0453125
3 0.05859375 0.41796875 0.021875 0.0296875
3 0.8453125 0.43046875 0.0125 0.0296875
3 0.20078125 0.43359375 0.0359375 0.040625
3 0.7765625 0.446875 0.0203125 0.025
3 0.33671875 0.4546875 0.0390625 0.0578125
3 0.8734375 0.4578125 0.0171875 0.0359375
3 0.5015625 0.475 0.021875 0.040625
3 0.6828125 0.48203125 0.028125 0.040625
3 0.3328125 0.49765625 0.0265625 0.034375
3 0.46640625 0.60546875 0.0296875 0.04375
2 0.26171875 0.9 0.084375 0.0890625
2 0.49296875 0.7703125 0.0625 0.0609375
2 0.58984375 0.75234375 0.0609375 0.053125
2 0.6421875 0.7015625 0.0515625 0.0484375
2 0.696875 0.69453125 0.0390625 0.040625
2 0.10703125 0.765625 0.071875 0.05625
2 0.27421875 0.7609375 0.05625 0.04375
2 0.43359375 0.84765625 0.0796875 0.05625
2 0.02890625 0.68515625 0.0578125 0.05625
2 0.1234375 0.65625 0.05625 0.0359375
2 0.7328125 0.62890625 0.040625 0.040625
