3 0.31015625 0.67890625 0.0203125 0.0359375
3 0.47734375 0.68046875 0.0171875 0.053125
3 0.49140625 0.68515625 0.0171875 0.0484375
3 0.56875 0.68515625 0.0125 0.0390625
3 0.3890625 0.6859375 0.0203125 0.05625
3 0.40390625 0.6859375 0.0203125 0.059375
3 0.6578125 0.6921875 0.0171875 0.053125
3 0.584375 0.696875 0.0203125 0.0578125
3 0.75625 0.696875 0.0171875 0.0390625
3 0.678125 0.70703125 0.0203125 0.04375
2 0.3328125 0.8640625 0.0359375 0.146875
2 0.36796875 0.86640625 0.034375 0.1515625
2 0.43125 0.86640625 0.040625 0.1484375
2 0.4546875 0.86640625 0.03125 0.1453125
2 0.51796875 0.86875 0.040625 0.146875
2 0.5421875 0.8703125 0.040625 0.1453125
2 0.60234375 0.87265625 0.0359375 0.15
2 0.63203125 0.8703125 0.040625 0.1421875
2 0.696875 0.87109375 0.0390625 0.1375
2 0.725 0.8734375 0.0453125 0.1390625
