0 0.2296875 0.36484375 0.1875 0.23125
0 0.4265625 0.1515625 0.15 0.18125
1 0.6234375 0.425 0.00625 0.0109375
1 0.646875 0.41875 0.0078125 0.0140625
1 0.66484375 0.41171875 0.00625 0.0109375
1 0.67109375 0.4125 0.00625 0.015625
0 0.62421875 0.4125 0.0046875 0.0046875
0 0.6484375 0.40703125 0.0046875 0.0046875
1 0.86953125 0.609375 0.0125 0.028125
0 0.99609375 0.5328125 0.0078125 0.00625
0 0.96796875 0.53671875 0.0046875 0.0046875
1 0.96796875 0.54921875 0.0078125 0.0125
1 0.9953125 0.54609375 0.009375 0.0140625
0 0.828125 0.3328125 0.0046875 0.003125
1 0.72890625 0.3125 0.00625 0.009375
1 0.96171875 0.40625 0.0046875 0.009375
