2 0.125 0.8921875 0.034375 0.053125
2 0.16953125 0.875 0.053125 0.040625
2 0.90078125 0.78984375 0.03125 0.0375
2 0.20703125 0.821875 0.0328125 0.10625
2 0.23125 0.81796875 0.0328125 0.103125
2 0.27109375 0.82734375 0.0234375 0.0390625
2 0.29765625 0.83046875 0.0328125 0.040625
2 0.35 0.815625 0.0328125 0.040625
2 0.38671875 0.81328125 0.0375 0.0375
2 0.41875 0.81328125 0.034375 0.0390625
2 0.453125 0.809375 0.0375 0.0421875
2 0.49453125 0.8078125 0.0328125 0.0359375
2 0.528125 0.803125 0.0328125 0.0390625
2 0.559375 0.79375 0.0296875 0.0328125
2 0.590625 0.7921875 0.034375 0.0375
2 0.66640625 0.7625 0.0328125 0.0609375
2 0.70234375 0.76875 0.0234375 0.0421875
2 0.7140625 0.77109375 0.034375 0.040625
2 0.6359375 0.77578125 0.03125 0.040625
2 0.7609375 0.77578125 0.0390625 0.0390625
2 0.8234375 0.79375 0.034375 0.040625
