2 0.28359375 0.84765625 0.1140625 0.1703125
2 0.13359375 0.85859375 0.0984375 0.2078125
2 0.653125 0.78125 0.078125 0.065625
2 0.5828125 0.79453125 0.05625 0.0890625
2 0.35234375 0.778125 0.0796875 0.0625
0 0.48515625 0.31640625 0.0421875 0.0421875
0 0.31640625 0.3203125 0.0359375 0.034375
0 0.61484375 0.23671875 0.0859375 0.1203125
0 0.1921875 0.1703125 0.103125 0.1125
0 0.5125 0.4578125 0.071875 0.103125
3 0.2 0.5296875 0.05625 0.071875
3 0.64375 0.525 0.04375 0.065625
3 0.675 0.3265625 0.059375 0.053125
