0 0.840625 0.24453125 0.071875 0.0734375
0 0.72734375 0.2265625 0.0640625 0.06875
0 0.66640625 0.25546875 0.0609375 0.0609375
0 0.60234375 0.2671875 0.0640625 0.05625
0 0.54375 0.2421875 0.0625 0.0625
0 0.50390625 0.1953125 0.0578125 0.05625
0 0.41171875 0.2625 0.0609375 0.059375
0 0.32890625 0.21484375 0.0546875 0.0515625
0 0.21171875 0.2828125 0.0578125 0.05
0 0.11796875 0.30078125 0.0578125 0.0515625
0 0.2640625 0.44921875 0.059375 0.0546875
0 0.425 0.41015625 0.059375 0.0609375
0 0.21328125 0.528125 0.0640625 0.0625
0 0.34453125 0.5 0.0671875 0.059375
2 0.546875 0.78203125 0.059375 0.04375
2 0.5890625 0.7828125 0.0453125 0.046875
2 0.25546875 0.85859375 0.084375 0.05
2 0.15703125 0.875 0.0484375 0.1015625
2 0.66171875 0.82421875 0.05 0.046875
2 0.74453125 0.8296875 0.071875 0.046875
2 0.88203125 0.84375 0.053125 0.05625
2 0.81796875 0.846875 0.0796875 0.0578125
2 0.63203125 0.78828125 0.040625 0.053125
2 0.46328125 0.7609375 0.0453125 0.0546875
2 0.70546875 0.78671875 0.053125 0.05625
2 0.121875 0.77421875 0.040625 0.046875
2 0.325 0.8328125 0.0609375 0.0859375
2 0.396875 0.80625 0.0453125 0.084375
