0 0.43671875 0.1578125 0.0359375 0.046875
0 0.478125 0.1890625 0.053125 0.0515625
0 0.55390625 0.18515625 0.0453125 0.0453125
0 0.60703125 0.15234375 0.0375 0.040625
0 0.6359375 0.2125 0.0453125 0.0453125
0 0.671875 0.20390625 0.0390625 0.04375
0 0.70859375 0.1796875 0.0359375 0.0375
0 0.71015625 0.23671875 0.04375 0.04375
0 0.7828125 0.18203125 0.0390625 0.0375
0 0.7765625 0.24765625 0.0421875 0.0453125
0 0.82109375 0.24296875 0.040625 0.0421875
0 0.86484375 0.228125 0.0390625 0.040625
0 0.875 0.2703125 0.0453125 0.046875
0 0.93203125 0.25390625 0.04375 0.0421875
0 0.97109375 0.265625 0.05 0.0515625
1 0.4375 0.2578125 0.0375 0.084375
1 0.471875 0.3140625 0.10625 0.171875
1 0.5328125 0.30546875 0.1265625 0.1671875
1 0.58671875 0.23203125 0.06875 0.0703125
1 0.60703125 0.32578125 0.1296875 0.1484375
1 0.6890625 0.3421875 0.1 0.115625
1 0.6625 0.271875 0.053125 0.0671875
1 0.70703125 0.25625 0.071875 0.0640625
1 0.7640625 0.26796875 0.0875 0.0953125
1 0.75625 0.34765625 0.1 0.1046875
1 0.8078125 0.34921875 0.075 0.1015625
1 0.8421875 0.29921875 0.0328125 0.0390625
1 0.8484375 0.35546875 0.1125 0.0890625
1 0.91640625 0.33984375 0.0625 0.084375
1 0.93828125 0.3546875 0.1234375 0.090625
1 0.975 0.35546875 0.05 0.0890625
1 0.2109375 0.66484375 0.15 0.2953125
1 0.0875 0.60625 0.090625 0.184375
0 0.24375 0.44609375 0.065625 0.0875
0 0.1296875 0.46640625 0.0296875 0.046875
1 0.5640625 0.8 0.203125 0.34375
0 0.58203125 0.5625 0.115625 0.1625
