1 0.8734375 0.2625 0.040625 0.0984375
1 0.915625 0.29375 0.0671875 0.13125
1 0.8375 0.29296875 0.059375 0.1203125
1 0.7921875 0.29375 0.0390625 0.096875
1 0.76875 0.34453125 0.071875 0.16875
1 0.7171875 0.2671875 0.04375 0.0921875
1 0.69296875 0.34765625 0.06875 0.121875
1 0.65859375 0.3046875 0.0296875 0.075
1 0.615625 0.365625 0.09375 0.1875
0 0.590625 0.228125 0.04375 0.046875
0 0.66015625 0.24140625 0.01875 0.025
0 0.67890625 0.2328125 0.034375 0.0375
0 0.6875 0.2125 0.0203125 0.015625
0 0.71171875 0.19140625 0.025 0.025
0 0.746875 0.20546875 0.04375 0.0453125
0 0.7734375 0.21953125 0.0171875 0.0203125
0 0.834375 0.19765625 0.0328125 0.0328125
0 0.89296875 0.18046875 0.015625 0.01875
0 0.90234375 0.1875 0.0359375 0.028125
