1 0.86484375 0.58203125 0.040625 0.1015625
1 0.909375 0.61328125 0.0703125 0.1359375
1 0.82734375 0.61484375 0.059375 0.125
1 0.7796875 0.61640625 0.0390625 0.1015625
1 0.7546875 0.66953125 0.075 0.175
1 0.7015625 0.590625 0.0453125 0.096875
1 0.67578125 0.67421875 0.0703125 0.1265625
1 0.640625 0.6296875 0.028125 0.078125
1 0.596875 0.69375 0.09375 0.19375
0 0.571875 0.55078125 0.04375 0.0484375
0 0.64140625 0.5640625 0.01875 0.0265625
0 0.66171875 0.55390625 0.0359375 0.0390625
0 0.67109375 0.53359375 0.0203125 0.015625
0 0.6953125 0.51171875 0.025 0.0234375
0 0.73203125 0.525 0.0453125 0.046875
0 0.7609375 0.53828125 0.0171875 0.021875
0 0.8234375 0.51484375 0.034375 0.0296875
0 0.884375 0.503125 0.015625 0.00625
0 0.8953125 0.50859375 0.0375 0.0171875
