0 0.91015625 0.3234375 0.028125 0.03125
0 0.83359375 0.31953125 0.0234375 0.0234375
0 0.771875 0.30546875 0.0125 0.0171875
0 0.790625 0.29453125 0.028125 0.03125
0 0.78203125 0.3203125 0.046875 0.0421875
0 0.696875 0.2984375 0.025 0.0265625
0 0.64453125 0.2984375 0.05 0.0453125
0 0.59765625 0.30078125 0.01875 0.0203125
0 0.5859375 0.3 0.01875 0.0203125
0 0.55546875 0.28984375 0.034375 0.0328125
1 0.57578125 0.3625 0.0453125 0.075
1 0.590625 0.3578125 0.015625 0.0546875
1 0.6609375 0.3703125 0.0203125 0.025
1 0.6875 0.3734375 0.06875 0.1
1 0.74765625 0.375 0.03125 0.090625
1 0.7796875 0.371875 0.0625 0.071875
1 0.81953125 0.3828125 0.0484375 0.084375
1 0.771875 0.42734375 0.0921875 0.1515625
1 0.62421875 0.4171875 0.1015625 0.16875
1 0.553125 0.37109375 0.046875 0.1109375
1 0.91171875 0.39375 0.0625 0.1
0 0.5640625 0.31328125 0.0078125 0.0171875
0 0.33515625 0.8359375 0.096875 0.1015625
0 0.39765625 0.76640625 0.078125 0.075
0 0.228125 0.73515625 0.04375 0.04375
0 0.11484375 0.784375 0.0546875 0.0796875
0 0.04921875 0.76328125 0.078125 0.0921875
1 0.04765625 0.91328125 0.0953125 0.1734375
1 0.09765625 0.915625 0.1046875 0.16875
1 0.228125 0.86875 0.0921875 0.171875
1 0.31796875 0.95078125 0.1703125 0.0984375
1 0.4 0.91640625 0.103125 0.1671875
