0 0.12578125 0.621875 0.0484375 0.0484375
0 0.16875 0.61875 0.034375 0.0390625
0 0.2109375 0.59296875 0.0484375 0.05
0 0.3171875 0.63515625 0.03125 0.0375
0 0.340625 0.6 0.034375 0.0375
0 0.38125 0.68046875 0.0359375 0.0296875
1 0.08359375 0.7234375 0.0890625 0.159375
1 0.14921875 0.70859375 0.0640625 0.1234375
1 0.19921875 0.70390625 0.084375 0.1390625
1 0.28046875 0.77109375 0.0421875 0.084375
1 0.321875 0.72265625 0.0796875 0.1609375
1 0.37265625 0.77265625 0.059375 0.146875
1 0.5015625 0.76328125 0.034375 0.1609375
