0 0.615625 0.64609375 0.0125 0.0203125
0 0.6265625 0.6453125 0.01875 0.0203125
0 0.65859375 0.63515625 0.034375 0.0328125
0 0.7015625 0.60234375 0.0265625 0.025
0 0.74140625 0.571875 0.0421875 0.0453125
0 0.734375 0.63046875 0.0734375 0.08125
0 0.803125 0.65078125 0.021875 0.0265625
0 0.825 0.63671875 0.0125 0.0109375
1 0.82421875 0.66171875 0.015625 0.03125
0 0.840625 0.63359375 0.028125 0.0265625
0 0.88359375 0.609375 0.0328125 0.03125
0 0.94765625 0.61875 0.025 0.0265625
0 0.99140625 0.62109375 0.0171875 0.0265625
1 0.98359375 0.70546875 0.0328125 0.1015625
1 0.95703125 0.70703125 0.040625 0.1109375
1 0.8953125 0.70546875 0.0671875 0.121875
1 0.85234375 0.70859375 0.0546875 0.103125
1 0.81484375 0.715625 0.0421875 0.0875
1 0.7015625 0.68125 0.0421875 0.0859375
1 0.634375 0.71171875 0.04375 0.078125
1 0.61796875 0.70625 0.0140625 0.0578125
1 0.67265625 0.72265625 0.078125 0.1140625
1 0.7734375 0.6859375 0.0609375 0.140625
1 0.74375 0.834375 0.115625 0.2640625
0 0.64921875 0.659375 0.0078125 0.0171875
