0 0.56640625 0.7546875 0.0265625 0.03125
0 0.4859375 0.76171875 0.021875 0.021875
0 0.42109375 0.759375 0.0109375 0.015625
0 0.4375 0.74453125 0.0265625 0.03125
0 0.434375 0.77265625 0.0453125 0.0390625
0 0.3421875 0.765625 0.025 0.025
0 0.28984375 0.77421875 0.046875 0.04375
0 0.24296875 0.78515625 0.015625 0.01875
0 0.2296875 0.78671875 0.0171875 0.01875
0 0.196875 0.78046875 0.0328125 0.03125
0 0.1515625 0.7546875 0.025 0.025
0 0.109375 0.7296875 0.0390625 0.0421875
0 0.12265625 0.78671875 0.06875 0.075
0 0.05859375 0.815625 0.0203125 0.0234375
0 0.0359375 0.8046875 0.0125 0.009375
1 0.0390625 0.82890625 0.0140625 0.0296875
0 0.01953125 0.80390625 0.0265625 0.0265625
1 0.02109375 0.87734375 0.0421875 0.1015625
1 0.0546875 0.88046875 0.0375 0.084375
1 0.1609375 0.83203125 0.0359375 0.084375
1 0.23046875 0.85234375 0.040625 0.075
1 0.24609375 0.84453125 0.009375 0.0578125
1 0.31953125 0.84609375 0.01875 0.0234375
1 0.346875 0.84296875 0.0625 0.096875
1 0.40859375 0.83515625 0.021875 0.0921875
1 0.44140625 0.82578125 0.059375 0.0703125
1 0.484375 0.8296875 0.0421875 0.084375
1 0.44453125 0.88359375 0.08125 0.15
1 0.29140625 0.8984375 0.090625 0.165625
1 0.19453125 0.8671875 0.0703125 0.10625
1 0.0921875 0.84609375 0.053125 0.1359375
1 0.1375 0.92890625 0.1 0.1421875
1 0.5765625 0.8234375 0.046875 0.1
0 0.21015625 0.80390625 0.00625 0.0171875
