1 0.98046875 0.171875 0.015625 0.025
0 0.97578125 0.1609375 0.00625 0.009375
0 0.878125 0.11796875 0.0078125 0.009375
0 0.88828125 0.11796875 0.0078125 0.0078125
0 0.87109375 0.11484375 0.0078125 0.0078125
0 0.85234375 0.12890625 0.0078125 0.009375
1 0.8515625 0.1390625 0.0140625 0.0140625
1 0.86796875 0.13046875 0.0140625 0.021875
1 0.87578125 0.12734375 0.0046875 0.009375
1 0.8875 0.12734375 0.0109375 0.0109375
0 0.2640625 0.79453125 0.0203125 0.0265625
0 0.20234375 0.79921875 0.0203125 0.0265625
