0 0.20546875 0.50390625 0.034375 0.0359375
0 0.121875 0.4875 0.0375 0.0390625
0 0.03515625 0.46796875 0.0390625 0.0375
0 0.25078125 0.53671875 0.0375 0.0375
0 0.46796875 0.5578125 0.0359375 0.0375
0 0.42265625 0.52578125 0.0328125 0.0359375
0 0.15234375 0.52890625 0.0390625 0.0421875
0 0.38125 0.55390625 0.0359375 0.0390625
0 0.290625 0.528125 0.0328125 0.0375
0 0.08125 0.53046875 0.040625 0.0375
0 0.328125 0.51796875 0.0328125 0.0375
0 0.51171875 0.61171875 0.05 0.084375
0 0.33828125 0.559375 0.0375 0.04375
0 0.0140625 0.50546875 0.028125 0.0453125
0 0.59453125 0.5796875 0.0390625 0.0390625
0 0.55390625 0.5859375 0.0390625 0.0375
0 0.51328125 0.59140625 0.0390625 0.0375
0 0.5 0.55625 0.0328125 0.0328125
0 0.42421875 0.5796875 0.0390625 0.0390625
1 0.6171875 0.7015625 0.025 0.16875
1 0.603125 0.7640625 0.053125 0.171875
1 0.57421875 0.703125 0.10625 0.159375
1 0.53515625 0.68984375 0.0640625 0.1421875
1 0.4953125 0.7109375 0.1 0.15625
1 0.48125 0.621875 0.03125 0.0421875
1 0.4546875 0.6703125 0.0796875 0.14375
1 0.4078125 0.69296875 0.09375 0.1484375
1 0.4140625 0.59921875 0.0640625 0.0625
1 0.3640625 0.65390625 0.0765625 0.1203125
1 0.3125 0.66640625 0.103125 0.1453125
1 0.3078125 0.57734375 0.0265625 0.025
1 0.28828125 0.59375 0.059375 0.0515625
1 0.23671875 0.640625 0.096875 0.1328125
1 0.18671875 0.61015625 0.08125 0.121875
1 0.10546875 0.56484375 0.0328125 0.03125
1 0.02890625 0.55859375 0.0546875 0.075
1 0.01640625 0.63046875 0.0328125 0.1640625
1 0.05703125 0.63828125 0.09375 0.15
