1 0.453125 0.8671875 0.028125 0.1
1 0.47890625 0.91328125 0.0796875 0.1734375
1 0.51796875 0.828125 0.0484375 0.0953125
1 0.55703125 0.90625 0.0734375 0.128125
1 0.58359375 0.8578125 0.03125 0.078125
1 0.63984375 0.90703125 0.1078125 0.1859375
1 0.6875 0.8453125 0.0421875 0.1046875
1 0.72421875 0.86953125 0.0859375 0.13125
1 0.815625 0.84921875 0.0609375 0.1203125
1 0.865625 0.87734375 0.09375 0.14375
1 0.91640625 0.83984375 0.0671875 0.1125
0 0.9203125 0.75859375 0.034375 0.0359375
0 0.8453125 0.7625 0.04375 0.046875
0 0.8125 0.7484375 0.034375 0.0390625
0 0.70859375 0.7625 0.0328125 0.0359375
0 0.68984375 0.75703125 0.0265625 0.03125
0 0.6375 0.77109375 0.0484375 0.05
0 0.57109375 0.79375 0.0203125 0.0265625
0 0.5484375 0.7875 0.0359375 0.040625
0 0.5359375 0.76875 0.0203125 0.015625
0 0.50703125 0.75078125 0.025 0.0265625
0 0.475 0.7703125 0.0453125 0.046875
0 0.45078125 0.7890625 0.01875 0.021875
