0 0.96171875 0.06484375 0.021875 0.0203125
0 0.89765625 0.059375 0.0109375 0.015625
0 0.91484375 0.04453125 0.025 0.0296875
0 0.91015625 0.0734375 0.04375 0.0375
0 0.8203125 0.06171875 0.0234375 0.025
0 0.76796875 0.06953125 0.0453125 0.0421875
0 0.721875 0.078125 0.015625 0.01875
0 0.70859375 0.0796875 0.0171875 0.01875
0 0.67578125 0.071875 0.03125 0.0296875
0 0.6328125 0.0453125 0.0234375 0.0234375
0 0.590625 0.01953125 0.0375 0.0390625
0 0.603125 0.07578125 0.0671875 0.071875
0 0.540625 0.10078125 0.0203125 0.0234375
0 0.51796875 0.090625 0.0125 0.009375
1 0.52109375 0.1140625 0.0140625 0.028125
0 0.5015625 0.0890625 0.025 0.025
0 0.45859375 0.06953125 0.0296875 0.028125
0 0.39765625 0.08515625 0.0234375 0.025
0 0.353125 0.09453125 0.0203125 0.0234375
0 0.30859375 0.08828125 0.0171875 0.0296875
1 0.3171875 0.17421875 0.034375 0.1140625
1 0.35546875 0.17578125 0.0609375 0.09375
1 0.39921875 0.171875 0.034375 0.10625
1 0.45703125 0.16328125 0.059375 0.1125
1 0.49921875 0.1625 0.0484375 0.096875
1 0.53515625 0.16484375 0.0359375 0.0828125
1 0.640625 0.12109375 0.0359375 0.08125
1 0.709375 0.14375 0.0390625 0.0734375
1 0.72421875 0.13671875 0.009375 0.05625
1 0.79609375 0.140625 0.0171875 0.0234375
1 0.8234375 0.1390625 0.0625 0.09375
1 0.88515625 0.1328125 0.021875 0.090625
1 0.9171875 0.125 0.0578125 0.06875
1 0.959375 0.13046875 0.040625 0.0828125
1 0.91953125 0.18203125 0.078125 0.1484375
1 0.76875 0.19140625 0.0859375 0.1625
1 0.67265625 0.15703125 0.0703125 0.10625
1 0.57265625 0.13359375 0.05 0.134375
1 0.61640625 0.27265625 0.096875 0.25
0 0.68828125 0.0953125 0.00625 0.0171875
