0 0.28046875 0.4703125 0.0734375 0.040625
0 0.340625 0.48671875 0.021875 0.0265625
0 0.3640625 0.47890625 0.0125 0.0109375
1 0.35859375 0.5015625 0.0171875 0.0296875
0 0.38046875 0.48046875 0.028125 0.028125
0 0.42421875 0.4671875 0.0328125 0.03125
0 0.48359375 0.49140625 0.0265625 0.0265625
0 0.5265625 0.50546875 0.0234375 0.025
1 0.51015625 0.58671875 0.0578125 0.1015625
1 0.4734375 0.5765625 0.0453125 0.109375
1 0.415625 0.56015625 0.0703125 0.1203125
1 0.37421875 0.553125 0.0578125 0.1015625
1 0.33828125 0.55 0.0453125 0.0859375
1 0.2390625 0.49140625 0.04375 0.0828125
1 0.16796875 0.5046875 0.046875 0.0765625
1 0.1546875 0.49453125 0.015625 0.05625
1 0.0828125 0.4875 0.0203125 0.025
1 0.05546875 0.49140625 0.0703125 0.0828125
1 0.00546875 0.48125 0.0109375 0.0625
1 0.1046875 0.54296875 0.103125 0.171875
1 0.203125 0.52265625 0.0796875 0.1125
1 0.30546875 0.515625 0.0640625 0.13125
1 0.24609375 0.6453125 0.121875 0.2578125
0 0.19375 0.459375 0.0078125 0.0171875
