0 0.1984375 0.4765625 0.0796875 0.0390625
0 0.14296875 0.45234375 0.0515625 0.03125
1 0.12890625 0.5328125 0.090625 0.0953125
1 0.2140625 0.5625 0.125 0.1234375
0 0.20859375 0.31953125 0.009375 0.0046875
1 0.2078125 0.32890625 0.0171875 0.0140625
0 0.203125 0.3453125 0.009375 0.0046875
1 0.20625 0.35703125 0.0171875 0.015625
1 0.721875 0.23125 0.1171875 0.3328125
0 0.98046875 0.87890625 0.0390625 0.0453125
0 0.83359375 0.86875 0.040625 0.0421875
0 0.80859375 0.8890625 0.025 0.0390625
0 0.7859375 0.88046875 0.0375 0.04375
0 0.49296875 0.8015625 0.0265625 0.05625
1 0.50546875 0.92578125 0.0515625 0.1484375
1 0.76015625 0.95 0.0515625 0.1
1 0.82421875 0.9453125 0.0609375 0.109375
1 0.96484375 0.9546875 0.0578125 0.090625
1 0.98984375 0.9453125 0.0203125 0.090625
