1 0.26484375 0.209375 0.0125 0.0234375
0 0.259375 0.2 0.00625 0.009375
0 0.3828125 0.37109375 0.0109375 0.0140625
1 0.39140625 0.3890625 0.021875 0.025
1 0.6125 0.23046875 0.015625 0.0203125
0 0.60703125 0.215625 0.0078125 0.0078125
0 0.1578125 0.18203125 0.00625 0.0078125
0 0.1671875 0.18046875 0.00625 0.00625
0 0.15078125 0.18125 0.0078125 0.00625
0 0.13671875 0.19765625 0.0078125 0.0078125
1 0.1390625 0.2078125 0.0125 0.0125
1 0.1515625 0.19609375 0.0125 0.0203125
1 0.159375 0.19140625 0.0046875 0.009375
1 0.16796875 0.1890625 0.009375 0.0109375
1 0.834375 0.21484375 0.33125 0.4296875
0 0.975 0.5578125 0.05 0.071875
0 0.7859375 0.5125 0.1 0.121875
