0 0.2890625 0.3234375 0.0109375 0.009375
1 0.28203125 0.35234375 0.0171875 0.0359375
0 0.50625 0.275 0.0078125 0.0078125
0 0.52109375 0.3328125 0.0140625 0.0140625
1 0.51875 0.34921875 0.0109375 0.015625
0 0.5359375 0.33125 0.009375 0.0109375
1 0.53671875 0.36015625 0.0171875 0.04375
0 0.525 0.359375 0.0125 0.0140625
1 0.5296875 0.38828125 0.0171875 0.0359375
1 0.5078125 0.39296875 0.0265625 0.0421875
1 0.48984375 0.39375 0.0203125 0.04375
1 0.47109375 0.40078125 0.03125 0.04375
1 0.4421875 0.39609375 0.0296875 0.040625
0 0.44609375 0.365625 0.0109375 0.0140625
0 0.46953125 0.37109375 0.0109375 0.0125
0 0.49609375 0.36171875 0.009375 0.0109375
0 0.5125 0.36484375 0.0109375 0.0125
0 0.51640625 0.2734375 0.009375 0.009375
0 0.54609375 0.28125 0.0109375 0.0109375
0 0.55546875 0.27421875 0.009375 0.0109375
0 0.5546875 0.32890625 0.0125 0.0125
0 0.56484375 0.36171875 0.0078125 0.0140625
1 0.565625 0.3953125 0.00625 0.040625
1 0.55703125 0.39453125 0.0234375 0.0453125
1 0.55625 0.35546875 0.01875 0.040625
1 0.54375 0.3046875 0.0125 0.0328125
1 0.55546875 0.3 0.0140625 0.0296875
1 0.5140625 0.296875 0.01875 0.03125
