1 0.9390625 0.4125 0.121875 0.253125
0 0.98203125 0.67421875 0.0359375 0.0546875
0 0.91953125 0.640625 0.0484375 0.0484375
0 0.8796875 0.5875 0.040625 0.0421875
0 0.82734375 0.63515625 0.0484375 0.0484375
0 0.7953125 0.61171875 0.040625 0.0453125
0 0.76875 0.5734375 0.0375 0.0390625
0 0.74453125 0.628125 0.0453125 0.046875
0 0.6953125 0.5515625 0.040625 0.025
0 0.675 0.6109375 0.0453125 0.0484375
0 0.63359375 0.58984375 0.04375 0.0453125
0 0.5953125 0.55859375 0.040625 0.0390625
0 0.56875 0.59453125 0.046875 0.05
0 0.5359375 0.5578125 0.0125 0.0375
1 0.98984375 0.765625 0.0203125 0.090625
1 0.9421875 0.81953125 0.115625 0.2109375
1 0.89140625 0.76796875 0.1328125 0.178125
1 0.86796875 0.6734375 0.071875 0.075
1 0.8015625 0.77265625 0.134375 0.19375
1 0.71328125 0.76015625 0.10625 0.165625
1 0.77734375 0.68203125 0.05625 0.071875
1 0.73984375 0.6484375 0.075 0.0671875
1 0.67890625 0.6375 0.09375 0.1015625
1 0.64140625 0.74921875 0.103125 0.178125
1 0.5921875 0.72265625 0.078125 0.159375
1 0.5890625 0.63671875 0.034375 0.0421875
1 0.56640625 0.72578125 0.0734375 0.1765625
