0 0.5140625 0.25 0.009375 0.025
0 0.5609375 0.25625 0.0453125 0.040625
0 0.60703125 0.26484375 0.015625 0.01875
0 0.61953125 0.26484375 0.0171875 0.01875
0 0.65234375 0.25625 0.03125 0.0296875
0 0.6953125 0.228125 0.0234375 0.0234375
0 0.734375 0.2015625 0.0375 0.040625
0 0.725 0.2578125 0.065625 0.071875
0 0.7890625 0.28125 0.01875 0.0234375
0 0.8109375 0.26953125 0.0109375 0.009375
1 0.80859375 0.29296875 0.0125 0.028125
0 0.8265625 0.26640625 0.025 0.025
0 0.86875 0.246875 0.0296875 0.028125
0 0.92890625 0.26015625 0.021875 0.0234375
0 0.97421875 0.26640625 0.0203125 0.0234375
1 0.97265625 0.346875 0.0546875 0.09375
1 0.93203125 0.3453125 0.0328125 0.1046875
1 0.8734375 0.33984375 0.0578125 0.1125
1 0.83125 0.3390625 0.046875 0.096875
1 0.7953125 0.34375 0.034375 0.0828125
1 0.6890625 0.30390625 0.034375 0.08125
1 0.62265625 0.328125 0.0375 0.071875
1 0.6078125 0.32265625 0.009375 0.05625
1 0.5359375 0.32890625 0.0171875 0.0234375
1 0.5234375 0.3265625 0.028125 0.09375
1 0.565625 0.37734375 0.084375 0.1625
1 0.65859375 0.340625 0.0671875 0.1046875
1 0.7578125 0.31328125 0.046875 0.1328125
1 0.7203125 0.453125 0.09375 0.2484375
0 0.640625 0.27890625 0.00625 0.0171875
