0 0.571875 0.075 0.04375 0.040625
0 0.9890625 0.12265625 0.021875 0.0453125
0 0.96015625 0.11328125 0.0328125 0.0375
0 0.92265625 0.07890625 0.0453125 0.046875
0 0.81015625 0.103125 0.0296875 0.0359375
0 0.79140625 0.06328125 0.0328125 0.0359375
0 0.73671875 0.1375 0.034375 0.028125
1 0.96328125 0.20703125 0.053125 0.1234375
1 0.91484375 0.19296875 0.075 0.134375
1 0.8203125 0.24609375 0.034375 0.0828125
1 0.78828125 0.18984375 0.06875 0.159375
1 0.728125 0.23046875 0.0484375 0.146875
1 0.58046875 0.19375 0.0609375 0.159375
