0 0.01328125 0.1875 0.0265625 0.040625
0 0.03828125 0.15546875 0.0328125 0.0328125
0 0.05390625 0.2109375 0.0390625 0.040625
0 0.1125 0.140625 0.034375 0.034375
0 0.121875 0.20703125 0.0375 0.040625
0 0.16484375 0.19140625 0.0375 0.0375
0 0.2046875 0.16640625 0.034375 0.0375
0 0.225 0.20546875 0.0390625 0.04375
0 0.2765625 0.1765625 0.040625 0.0375
0 0.3171875 0.178125 0.0453125 0.046875
0 0.38203125 0.1640625 0.0453125 0.046875
0 0.428125 0.1875 0.04375 0.053125
1 0.0171875 0.33828125 0.034375 0.1734375
1 0.06640625 0.340625 0.0828125 0.1515625
1 0.01953125 0.25703125 0.0390625 0.0640625
1 0.05625 0.23125 0.065625 0.05625
1 0.11484375 0.22890625 0.078125 0.0890625
1 0.1359375 0.34140625 0.078125 0.1640625
1 0.1859375 0.3234375 0.0546875 0.1484375
1 0.2 0.2421875 0.0296875 0.0375
1 0.23125 0.334375 0.0921875 0.1609375
1 0.2828125 0.2640625 0.053125 0.0796875
1 0.3265625 0.3125 0.1203125 0.1640625
1 0.3828125 0.29765625 0.0859375 0.1625
1 0.41484375 0.34140625 0.0703125 0.2140625
