1 0.65546875 0.221875 0.0484375 0.075
1 0.6140625 0.228125 0.0375 0.0625
1 0.58828125 0.23515625 0.0671875 0.0484375
1 0.540625 0.215625 0.040625 0.0875
1 0.4828125 0.23828125 0.025 0.0421875
1 0.43671875 0.24140625 0.0953125 0.0359375
1 0.3828125 0.2328125 0.0375 0.053125
1 0.35 0.24140625 0.078125 0.0359375
1 0.26171875 0.240625 0.0546875 0.0375
1 0.16484375 0.2453125 0.0609375 0.028125
0 0.14921875 0.2078125 0.03125 0.0328125
0 0.22109375 0.20078125 0.040625 0.04375
0 0.25 0.1828125 0.03125 0.0359375
0 0.3515625 0.18203125 0.03125 0.0328125
0 0.36796875 0.1734375 0.025 0.028125
0 0.41953125 0.1796875 0.04375 0.0453125
0 0.48671875 0.1921875 0.0171875 0.025
0 0.50703125 0.1828125 0.0328125 0.0375
0 0.515625 0.16328125 0.01875 0.015625
0 0.53984375 0.14296875 0.0234375 0.025
0 0.57265625 0.15703125 0.0421875 0.04375
0 0.59921875 0.17109375 0.0171875 0.0203125
0 0.66015625 0.14921875 0.03125 0.03125
