0 0.86015625 0.26796875 0.0359375 0.0484375
0 0.99296875 0.2046875 0.0140625 0.078125
1 0.8609375 0.3515625 0.0875 0.05625
0 0.053125 0.4265625 0.10625 0.09375
1 0.17421875 0.66953125 0.1921875 0.39375
0 0.734375 0.7234375 0.0390625 0.040625
0 0.77109375 0.69375 0.0375 0.0390625
0 0.7953125 0.73125 0.0421875 0.0453125
0 0.84296875 0.69765625 0.0421875 0.040625
0 0.884375 0.6953125 0.05 0.05
0 0.946875 0.675 0.0484375 0.05
0 0.98515625 0.69375 0.0296875 0.05625
1 0.7203125 0.765625 0.021875 0.09375
1 0.73671875 0.8734375 0.0546875 0.165625
1 0.76796875 0.85078125 0.06875 0.15
1 0.77421875 0.76953125 0.0328125 0.0390625
1 0.8125 0.8578125 0.10625 0.1640625
1 0.8578125 0.78359375 0.059375 0.0828125
1 0.90546875 0.8265625 0.134375 0.1703125
1 0.9546875 0.80625 0.090625 0.165625
1 0.97578125 0.84375 0.0484375 0.221875
