0 0.17265625 0.01015625 0.0421875 0.0203125
1 0.39921875 0.1 0.0390625 0.178125
1 0.3515625 0.1125 0.090625 0.1546875
1 0.38984375 0.02734375 0.0484375 0.0546875
1 0.3453125 0.01484375 0.06875 0.0296875
1 0.28671875 0.0265625 0.0828125 0.053125
1 0.28203125 0.1234375 0.0859375 0.1671875
1 0.22890625 0.11171875 0.0625 0.1515625
1 0.20390625 0.03203125 0.0296875 0.0390625
1 0.1859375 0.12890625 0.1 0.1640625
1 0.1234375 0.065625 0.05625 0.0828125
1 0.0859375 0.1203125 0.1296875 0.16875
1 0.0375 0.11171875 0.075 0.1671875
1 0.0203125 0.16640625 0.040625 0.2234375
