0 0.43515625 0.0171875 0.0296875 0.034375
1 0.046875 0.09296875 0.09375 0.1609375
1 0.01953125 0.0171875 0.0390625 0.034375
1 0.05703125 0.00625 0.0734375 0.0125
1 0.1171875 0.01875 0.090625 0.0375
1 0.115625 0.1078125 0.096875 0.171875
1 0.17109375 0.09765625 0.071875 0.15625
1 0.20078125 0.01953125 0.0328125 0.0390625
1 0.2140625 0.1171875 0.109375 0.171875
1 0.28125 0.05546875 0.0625 0.0875
1 0.315625 0.11171875 0.1390625 0.178125
1 0.37578125 0.10859375 0.1046875 0.1734375
1 0.4015625 0.1640625 0.096875 0.23125
0 0.94609375 0.6671875 0.1078125 0.175
1 0.86171875 0.8734375 0.2765625 0.253125
