0 0.3 0.02421875 0.3375 0.0484375
0 0.48671875 0.27578125 0.0359375 0.0453125
0 0.9046875 0.23046875 0.05 0.0484375
0 0.8609375 0.228125 0.0359375 0.0390625
0 0.8171875 0.2046875 0.05 0.0515625
0 0.71484375 0.2515625 0.0328125 0.0375
0 0.68828125 0.2171875 0.0359375 0.0390625
0 0.6515625 0.3 0.0359375 0.03125
1 0.9515625 0.3296875 0.09375 0.159375
1 0.88515625 0.31796875 0.065625 0.125
1 0.834375 0.31484375 0.0890625 0.1390625
1 0.7578125 0.38515625 0.04375 0.084375
1 0.71328125 0.3390625 0.084375 0.1609375
1 0.665625 0.39140625 0.0640625 0.146875
1 0.51171875 0.38984375 0.0859375 0.1609375
0 0.05625 0.859375 0.05 0.0453125
0 0.46171875 0.81328125 0.0140625 0.0484375
0 0.4375 0.8109375 0.0359375 0.0390625
0 0.39375 0.7875 0.05 0.0515625
0 0.29140625 0.834375 0.0328125 0.0375
0 0.26484375 0.8 0.0359375 0.0390625
0 0.228125 0.8828125 0.0359375 0.03125
1 0.4484375 0.9 0.040625 0.125
1 0.4109375 0.89765625 0.0890625 0.1390625
1 0.33359375 0.9625 0.0453125 0.075
1 0.2890625 0.9203125 0.084375 0.159375
1 0.24140625 0.95 0.0640625 0.1
1 0.08671875 0.94609375 0.0890625 0.1078125
1 0.6359375 0.84296875 0.0171875 0.0234375
