1 0.01015625 0.22734375 0.0203125 0.1328125
1 0.01875 0.18828125 0.0359375 0.0796875
1 0.059375 0.25625 0.11875 0.203125
1 0.12421875 0.2046875 0.05 0.1078125
1 0.153125 0.2390625 0.0953125 0.1375
1 0.2484375 0.2453125 0.0703125 0.1265625
1 0.28984375 0.2859375 0.103125 0.1515625
1 0.33515625 0.2640625 0.0484375 0.11875
0 0.303125 0.16875 0.046875 0.05
0 0.275 0.14609375 0.0375 0.0421875
0 0.16875 0.13046875 0.0359375 0.0390625
0 0.15234375 0.11953125 0.0296875 0.0328125
0 0.096875 0.11875 0.053125 0.053125
0 0.0234375 0.12265625 0.021875 0.028125
0 0.01171875 0.10859375 0.0234375 0.0421875
0 0.00390625 0.0875 0.0078125 0.01875
