0 0.1671875 0.06953125 0.0265625 0.03125
0 0.24296875 0.0796875 0.021875 0.0203125
0 0.30546875 0.0796875 0.0109375 0.015625
0 0.290625 0.06484375 0.0265625 0.03125
0 0.29296875 0.0921875 0.0453125 0.0390625
0 0.3796875 0.0875 0.025 0.025
0 0.42265625 0.09765625 0.0328125 0.0421875
1 0.4 0.16484375 0.01875 0.0234375
1 0.37421875 0.16171875 0.0625 0.09375
1 0.3140625 0.1515625 0.0234375 0.0890625
1 0.28359375 0.14140625 0.0578125 0.06875
1 0.24296875 0.14453125 0.0421875 0.0828125
1 0.2796875 0.19765625 0.0828125 0.1453125
1 0.409375 0.21640625 0.059375 0.1609375
1 0.14921875 0.1359375 0.05625 0.096875
1 0.85625 0.515625 0.0390625 0.0375
