0 0.98515625 0.13359375 0.0296875 0.0359375
0 0.95546875 0.190625 0.040625 0.0421875
0 0.921875 0.1796875 0.0359375 0.0390625
0 0.8890625 0.1546875 0.0328125 0.034375
0 0.88359375 0.20859375 0.0390625 0.040625
0 0.81796875 0.15234375 0.034375 0.034375
0 0.81875 0.215625 0.0375 0.040625
0 0.77578125 0.2078125 0.0375 0.0375
0 0.734375 0.190625 0.034375 0.0375
0 0.721875 0.23125 0.040625 0.04375
1 0.98515625 0.2109375 0.0296875 0.065625
1 0.95703125 0.31640625 0.0859375 0.1703125
1 0.8921875 0.33046875 0.0890625 0.1453125
1 0.92578125 0.24609375 0.046875 0.0625
1 0.88515625 0.228125 0.065625 0.05625
1 0.82890625 0.2359375 0.0796875 0.0890625
1 0.82734375 0.34375 0.0859375 0.15625
1 0.77734375 0.33359375 0.0640625 0.1421875
1 0.7515625 0.2609375 0.0296875 0.0359375
1 0.74296875 0.3515625 0.0859375 0.15625
