1 0.42734375 0.5203125 0.1640625 0.190625
0 0.54296875 0.47265625 0.0671875 0.1078125
0 0.99453125 0.5109375 0.0109375 0.021875
0 0.9625 0.4875 0.0375 0.040625
0 0.9703125 0.540625 0.059375 0.071875
0 0.91171875 0.56796875 0.01875 0.0234375
0 0.890625 0.55703125 0.0109375 0.009375
1 0.89375 0.5796875 0.0125 0.028125
0 0.875 0.55625 0.0234375 0.0234375
0 0.834375 0.53828125 0.0296875 0.0265625
0 0.77421875 0.55546875 0.021875 0.0234375
0 0.73125 0.56484375 0.0203125 0.021875
0 0.6796875 0.56015625 0.0359375 0.0265625
0 0.64609375 0.5703125 0.0328125 0.0375
1 0.6578125 0.7 0.05625 0.146875
1 0.6828125 0.64375 0.059375 0.1078125
1 0.7328125 0.64375 0.05625 0.090625
1 0.775 0.6390625 0.03125 0.1015625
1 0.83203125 0.6296875 0.05625 0.109375
1 0.87265625 0.628125 0.0453125 0.09375
1 0.9078125 0.62890625 0.034375 0.0796875
1 0.99609375 0.584375 0.0078125 0.078125
1 0.94296875 0.59765625 0.046875 0.128125
1 0.96953125 0.7296875 0.0609375 0.240625
