1 0.02265625 0.68984375 0.0453125 0.2734375
0 0.9390625 0.5859375 0.0953125 0.09375
0 0.96953125 0.6796875 0.03125 0.0328125
0 0.884375 0.6453125 0.0359375 0.0390625
0 0.83203125 0.64296875 0.0390625 0.0421875
0 0.7015625 0.61953125 0.040625 0.040625
0 0.67734375 0.63359375 0.025 0.0375
0 0.65625 0.625 0.0375 0.0421875
0 0.38828125 0.52578125 0.053125 0.0546875
1 0.384375 0.6484375 0.090625 0.1625
1 0.62734375 0.6875 0.0546875 0.0984375
1 0.68359375 0.7 0.065625 0.1265625
1 0.809375 0.72734375 0.0625 0.1203125
1 0.88515625 0.82265625 0.2265625 0.3546875
1 0.85703125 0.70546875 0.06875 0.0859375
1 0.9671875 0.81328125 0.065625 0.3453125
