0 0.22109375 0.278125 0.0375 0.0421875
0 0.1796875 0.28984375 0.025 0.03125
0 0.26015625 0.3046875 0.025 0.046875
0 0.32734375 0.3203125 0.0296875 0.0234375
0 0.28671875 0.32734375 0.025 0.0390625
1 0.21171875 0.35078125 0.0453125 0.0921875
1 0.38203125 0.3796875 0.0484375 0.0703125
1 0.4546875 0.3796875 0.05 0.090625
1 0.3265625 0.3921875 0.0390625 0.090625
1 0.59375 0.40859375 0.0359375 0.071875
0 0.4265625 0.4171875 0.0328125 0.0484375
1 0.27890625 0.42734375 0.053125 0.1140625
0 0.40234375 0.4828125 0.040625 0.0515625
1 0.4328125 0.51640625 0.0359375 0.096875
1 0.39765625 0.58515625 0.0609375 0.1140625
0 0.459375 0.59921875 0.0453125 0.0390625
0 0.6078125 0.64765625 0.0484375 0.0390625
0 0.78984375 0.7140625 0.059375 0.059375
1 0.45078125 0.740625 0.065625 0.1609375
3 0.4375 0.746875 0.0296875 0.0390625
1 0.60703125 0.77734375 0.071875 0.1609375
1 0.79765625 0.8421875 0.0875 0.115625
