0 0.22578125 0.271875 0.0546875 0.0703125
0 0.59921875 0.375 0.0578125 0.0984375
1 0.2296875 0.4625 0.1140625 0.234375
1 0.6640625 0.4703125 0.14375 0.1796875
3 0.75546875 0.5234375 0.0390625 0.0796875
0 0.54375 0.6015625 0.0703125 0.0828125
1 0.48203125 0.7 0.10625 0.1375
3 0.5328125 0.86015625 0.040625 0.0703125
2 0.1984375 0.84609375 0.0546875 0.0703125
2 0.28984375 0.83984375 0.075 0.0734375
2 0.46015625 0.86171875 0.075 0.05625
2 0.59140625 0.86796875 0.0671875 0.05625
2 0.86640625 0.84609375 0.0375 0.0421875
2 0.7515625 0.85546875 0.05 0.0609375
