0 0.89140625 0.2296875 0.059375 0.0453125
0 0.11328125 0.3 0.0875 0.11875
0 0.33125 0.3078125 0.0390625 0.034375
0 0.684375 0.34296875 0.034375 0.034375
0 0.48125 0.38515625 0.0328125 0.025
1 0.90625 0.41015625 0.075 0.1890625
1 0.09609375 0.41171875 0.11875 0.1953125
1 0.31953125 0.4453125 0.071875 0.1265625
1 0.69375 0.46796875 0.040625 0.115625
1 0.48046875 0.48359375 0.046875 0.090625
1 0.41015625 0.503125 0.0078125 0.0109375
1 0.4484375 0.5078125 0.0140625 0.015625
1 0.409375 0.51328125 0.0125 0.0109375
3 0.865625 0.5640625 0.046875 0.0734375
2 0.04375 0.7625 0.075 0.0703125
2 0.10078125 0.7984375 0.05625 0.0828125
2 0.26640625 0.73984375 0.0328125 0.05625
2 0.33984375 0.7046875 0.05625 0.053125
2 0.50078125 0.65 0.03125 0.034375
2 0.47109375 0.65625 0.028125 0.0328125
2 0.64609375 0.71015625 0.05 0.0515625
2 0.90546875 0.78984375 0.0875 0.0796875
2 0.871875 0.74921875 0.075 0.0625
