0 0.8 0.17734375 0.0828125 0.0828125
0 0.65703125 0.2828125 0.0625 0.059375
0 0.40390625 0.30703125 0.0421875 0.0515625
0 0.52890625 0.35234375 0.0515625 0.0609375
1 0.82890625 0.43203125 0.153125 0.3203125
1 0.428125 0.45390625 0.0875 0.178125
3 0.575 0.45546875 0.0375 0.0671875
1 0.6734375 0.49375 0.10625 0.2609375
1 0.553125 0.5171875 0.0953125 0.2125
3 0.63359375 0.52890625 0.05 0.0515625
3 0.40703125 0.53984375 0.034375 0.0359375
3 0.49140625 0.5984375 0.0296875 0.06875
3 0.60234375 0.61875 0.021875 0.0484375
3 0.946875 0.65546875 0.0546875 0.1046875
2 0.37109375 0.7578125 0.05625 0.0484375
2 0.48125 0.72109375 0.0484375 0.0484375
2 0.4953125 0.84296875 0.0671875 0.05
2 0.590625 0.78828125 0.0515625 0.065625
2 0.61484375 0.88515625 0.0828125 0.071875
2 0.74296875 0.8546875 0.0515625 0.0953125
2 0.78046875 0.96484375 0.1125 0.0703125
2 0.8734375 0.91875 0.0546875 0.0984375
