1 0.4421875 0.26875 0.021875 0.046875
1 0.41953125 0.26953125 0.01875 0.04375
1 0.48203125 0.27265625 0.0296875 0.0484375
0 0.92578125 0.28203125 0.01875 0.0203125
1 0.92734375 0.309375 0.01875 0.03125
1 0.92734375 0.3109375 0.015625 0.0328125
0 0.21953125 0.5515625 0.0515625 0.04375
0 0.51796875 0.5671875 0.053125 0.0515625
0 0.33203125 0.590625 0.04375 0.0578125
0 0.6828125 0.59765625 0.0546875 0.0828125
0 0.428125 0.60625 0.04375 0.059375
0 0.46328125 0.61796875 0.034375 0.0546875
1 0.50390625 0.6625 0.059375 0.115625
1 0.321875 0.6828125 0.0625 0.128125
1 0.21171875 0.684375 0.0765625 0.140625
1 0.65546875 0.6890625 0.078125 0.1296875
1 0.45703125 0.725 0.0578125 0.1296875
1 0.4015625 0.73359375 0.053125 0.1421875
0 0.4375 0.225 0.01875 0.0265625
0 0.4828125 0.23046875 0.025 0.0171875
0 0.41796875 0.23125 0.0171875 0.025
2 0.18671875 0.95625 0.0375 0.0515625
2 0.22734375 0.93046875 0.0484375 0.065625
