0 0.28046875 0.1734375 0.0390625 0.04375
0 0.86640625 0.17734375 0.021875 0.025
0 0.3140625 0.1859375 0.0296875 0.0328125
0 0.509375 0.19765625 0.0328125 0.0328125
0 0.43046875 0.20390625 0.0296875 0.0359375
0 0.75546875 0.2046875 0.028125 0.034375
0 0.95 0.215625 0.0296875 0.0359375
1 0.85234375 0.24453125 0.05 0.0984375
3 0.0375 0.26171875 0.046875 0.0640625
1 0.4953125 0.26796875 0.0328125 0.0734375
0 0.5296875 0.26953125 0.0625 0.06875
1 0.95390625 0.27265625 0.04375 0.0859375
1 0.31953125 0.275 0.0578125 0.1171875
1 0.27578125 0.2765625 0.0515625 0.1140625
1 0.7484375 0.27890625 0.0578125 0.1
3 0.815625 0.28046875 0.01875 0.0453125
3 0.86953125 0.2921875 0.0125 0.0359375
3 0.76640625 0.296875 0.01875 0.046875
1 0.42421875 0.30859375 0.065625 0.115625
0 0.2015625 0.3234375 0.0671875 0.084375
3 0.32421875 0.3375 0.03125 0.0625
3 0.4359375 0.37109375 0.0296875 0.0515625
1 0.54453125 0.42421875 0.0984375 0.178125
3 0.5609375 0.4875 0.0421875 0.075
1 0.1484375 0.4890625 0.15 0.3234375
3 0.21484375 0.6 0.084375 0.1796875
