0 0.2734375 0.26171875 0.0390625 0.0375
0 0.5359375 0.27734375 0.046875 0.034375
0 0.184375 0.30625 0.040625 0.040625
0 0.46484375 0.31953125 0.0359375 0.0359375
1 0.296875 0.3578125 0.06875 0.096875
1 0.15078125 0.371875 0.0578125 0.09375
1 0.55 0.375 0.065625 0.0890625
1 0.45390625 0.44453125 0.075 0.134375
2 0.55234375 0.5859375 0.040625 0.0390625
2 0.5046875 0.5703125 0.0453125 0.046875
2 0.28359375 0.546875 0.0390625 0.0390625
2 0.32109375 0.5296875 0.028125 0.0578125
2 0.14453125 0.53515625 0.0421875 0.04375
