0 0.6203125 0.5734375 0.034375 0.025
0 0.2453125 0.584375 0.0421875 0.03125
0 0.26796875 0.625 0.03125 0.025
0 0.05390625 0.63515625 0.0390625 0.0203125
0 0.753125 0.65703125 0.0390625 0.028125
0 0.803125 0.66796875 0.034375 0.025
2 0.18125 0.96953125 0.040625 0.0515625
2 0.14375 0.93828125 0.0421875 0.0375
2 0.071875 0.93046875 0.0421875 0.0421875
2 0.2828125 0.96015625 0.05625 0.0375
2 0.2421875 0.94140625 0.0328125 0.034375
2 0.7640625 0.90234375 0.0390625 0.03125
2 0.8125 0.8890625 0.028125 0.034375
