0 0.32421875 0.60859375 0.0609375 0.0546875
0 0.3890625 0.6328125 0.034375 0.0296875
0 0.5921875 0.61640625 0.0671875 0.065625
0 0.73203125 0.55859375 0.05625 0.0515625
0 0.840625 0.58046875 0.06875 0.0515625
0 0.67265625 0.62265625 0.0421875 0.0390625
0 0.91484375 0.571875 0.0515625 0.034375
0 0.94296875 0.60703125 0.0234375 0.021875
0 0.5375 0.63125 0.028125 0.0265625
0 0.0390625 0.65078125 0.0234375 0.021875
1 0.0375 0.7078125 0.0453125 0.078125
1 0.30703125 0.78359375 0.10625 0.209375
1 0.38046875 0.7296875 0.053125 0.121875
1 0.60078125 0.79921875 0.1015625 0.240625
1 0.53046875 0.725 0.05 0.121875
1 0.734375 0.73828125 0.1109375 0.2125
1 0.6703125 0.746875 0.05625 0.1859375
1 0.8609375 0.7796875 0.103125 0.2515625
1 0.9203125 0.67734375 0.084375 0.1484375
2 0.3828125 0.91875 0.0453125 0.034375
2 0.51875 0.8859375 0.028125 0.0421875
2 0.03203125 0.81015625 0.0203125 0.0265625
2 0.01484375 0.81015625 0.0140625 0.0265625
