0 0.1703125 0.33828125 0.040625 0.046875
0 0.4640625 0.35859375 0.0328125 0.0390625
0 0.51328125 0.36171875 0.0390625 0.034375
0 0.6484375 0.36171875 0.0328125 0.034375
0 0.14609375 0.3625 0.0296875 0.0453125
0 0.37578125 0.36875 0.028125 0.021875
0 0.69296875 0.37734375 0.028125 0.0359375
0 0.6671875 0.38046875 0.021875 0.028125
1 0.478125 0.4125 0.0515625 0.0796875
1 0.134375 0.43515625 0.053125 0.1171875
1 0.18125 0.4453125 0.0625 0.1140625
1 0.7078125 0.446875 0.046875 0.096875
1 0.53515625 0.44765625 0.0546875 0.115625
1 0.65234375 0.44921875 0.0421875 0.1015625
1 0.28359375 0.528125 0.140625 0.296875
1 0.42578125 0.54921875 0.1546875 0.325
0 0.30390625 0.265625 0.0890625 0.0890625
0 0.41796875 0.2859375 0.0796875 0.0796875
2 0.178125 0.72265625 0.0484375 0.040625
2 0.2 0.74609375 0.040625 0.05
2 0.115625 0.6640625 0.025 0.040625
2 0.13828125 0.6546875 0.03125 0.046875
2 0.64921875 0.64453125 0.040625 0.040625
