0 0.0390625 0.321875 0.025 0.0375
0 0.69453125 0.4625 0.0546875 0.0578125
0 0.27734375 0.49765625 0.0359375 0.0546875
0 0.5125 0.5171875 0.0265625 0.0265625
1 0.21796875 0.60234375 0.071875 0.15625
1 0.509375 0.61796875 0.053125 0.0828125
1 0.71484375 0.63671875 0.0578125 0.171875
1 0.5421875 0.7171875 0.08125 0.1046875
0 0.421875 0.73125 0.0296875 0.0859375
3 0.64296875 0.73515625 0.0453125 0.0734375
3 0.48984375 0.89609375 0.034375 0.0890625
2 0.61328125 0.87265625 0.05 0.0671875
2 0.690625 0.91328125 0.05 0.0859375
2 0.28984375 0.859375 0.0609375 0.078125
