0 0.17265625 0.3984375 0.025 0.025
0 0.24765625 0.5921875 0.0234375 0.0140625
0 0.60546875 0.525 0.0328125 0.0359375
0 0.665625 0.665625 0.028125 0.0296875
0 0.83828125 0.6375 0.025 0.028125
0 0.87265625 0.48984375 0.0328125 0.0328125
1 0.17421875 0.446875 0.028125 0.034375
1 0.24921875 0.63984375 0.0328125 0.0421875
1 0.58671875 0.5796875 0.0296875 0.0671875
1 0.61796875 0.68671875 0.03125 0.0703125
1 0.6609375 0.721875 0.0390625 0.08125
1 0.83671875 0.7 0.04375 0.075
1 0.86484375 0.53828125 0.0328125 0.05
