0 0.875 0.309375 0.0828125 0.0796875
0 0.66328125 0.35078125 0.0546875 0.0390625
0 0.73515625 0.35703125 0.0421875 0.059375
0 0.4578125 0.36953125 0.0484375 0.034375
0 0.18984375 0.3703125 0.05625 0.0640625
0 0.41015625 0.39765625 0.0359375 0.059375
2 0.20625 0.734375 0.04375 0.0515625
2 0.66875 0.76796875 0.0296875 0.0484375
2 0.64375 0.72421875 0.0421875 0.053125
2 0.45234375 0.73203125 0.0421875 0.0625
2 0.3890625 0.69296875 0.040625 0.0375
2 0.79296875 0.9109375 0.05625 0.075
2 0.85625 0.93046875 0.0578125 0.0890625
