0 0.39140625 0.2875 0.0828125 0.0953125
0 0.62265625 0.2953125 0.046875 0.034375
0 0.72578125 0.334375 0.0671875 0.05625
1 0.84140625 0.40703125 0.15 0.1359375
3 0.17265625 0.41171875 0.0640625 0.0640625
1 0.3234375 0.4171875 0.121875 0.2109375
1 0.63046875 0.425 0.078125 0.1328125
3 0.68359375 0.51015625 0.025 0.0546875
3 0.57265625 0.5109375 0.028125 0.059375
3 0.33984375 0.575 0.0296875 0.078125
3 0.7546875 0.590625 0.0546875 0.115625
2 0.38046875 0.7515625 0.09375 0.0671875
2 0.24609375 0.7765625 0.0578125 0.0671875
2 0.58203125 0.69453125 0.0640625 0.0453125
2 0.640625 0.69453125 0.04375 0.0515625
2 0.79765625 0.77890625 0.103125 0.065625
2 0.89375 0.76875 0.0765625 0.065625
