0 0.67421875 0.21171875 0.046875 0.059375
1 0.4265625 0.23671875 0.0546875 0.109375
1 0.2015625 0.37109375 0.0953125 0.2609375
1 0.55859375 0.3875 0.0875 0.2515625
1 0.32734375 0.40390625 0.090625 0.278125
1 0.11875 0.4171875 0.1078125 0.2859375
1 0.68203125 0.4171875 0.103125 0.259375
1 0.471875 0.43984375 0.1 0.2859375
0 0.43125 0.11171875 0.0453125 0.059375
0 0.20234375 0.15 0.05 0.075
0 0.25859375 0.1515625 0.0484375 0.06875
0 0.38515625 0.1515625 0.0484375 0.059375
0 0.5171875 0.16484375 0.0390625 0.059375
0 0.32734375 0.165625 0.05 0.071875
0 0.11953125 0.1765625 0.053125 0.071875
0 0.55625 0.17734375 0.0453125 0.0703125
0 0.46796875 0.184375 0.0484375 0.0640625
0 0.6203125 0.1859375 0.04375 0.0640625
2 0.0921875 0.95 0.046875 0.0703125
2 0.15390625 0.94140625 0.040625 0.0640625
2 0.35234375 0.9015625 0.0375 0.0890625
2 0.290625 0.90703125 0.0359375 0.090625
2 0.19453125 0.9 0.0546875 0.09375
2 0.23515625 0.87890625 0.0703125 0.071875
2 0.4046875 0.86640625 0.05625 0.071875
2 0.5140625 0.8984375 0.0484375 0.071875
2 0.571875 0.85234375 0.0421875 0.071875
2 0.6265625 0.7796875 0.0421875 0.1734375
