0 0.3609375 0.33515625 0.05 0.04375
0 0.25625 0.340625 0.0484375 0.046875
0 0.52734375 0.35546875 0.05 0.04375
0 0.396875 0.384375 0.0515625 0.046875
0 0.64609375 0.3875 0.05 0.04375
0 0.7125 0.40234375 0.053125 0.05
0 0.2890625 0.40546875 0.0609375 0.04375
0 0.79921875 0.40546875 0.0515625 0.0578125
0 0.50078125 0.41171875 0.05 0.04375
0 0.18828125 0.41484375 0.05625 0.05
0 0.5984375 0.42265625 0.0484375 0.04375
1 0.39765625 0.55546875 0.1 0.2015625
1 0.71640625 0.5765625 0.1 0.19375
1 0.29296875 0.5828125 0.109375 0.190625
1 0.609375 0.5859375 0.1 0.196875
1 0.1875 0.6 0.109375 0.2125
2 0.203125 0.94765625 0.08125 0.059375
2 0.26640625 0.953125 0.04375 0.078125
2 0.3265625 0.92890625 0.0625 0.0546875
2 0.36796875 0.9484375 0.0421875 0.075
2 0.421875 0.9125 0.06875 0.059375
2 0.484375 0.90703125 0.0609375 0.0703125
2 0.53515625 0.90859375 0.0453125 0.0671875
2 0.69453125 0.9171875 0.0546875 0.0578125
2 0.76015625 0.91953125 0.040625 0.053125
2 0.8171875 0.896875 0.06875 0.0546875
2 0.88046875 0.91796875 0.053125 0.0890625
2 0.62578125 0.92578125 0.065625 0.0546875
