0 0.6296875 0.2015625 0.0703125 0.08125
0 0.72890625 0.2140625 0.1046875 0.0984375
0 0.359375 0.21796875 0.084375 0.0984375
0 0.421875 0.25703125 0.0546875 0.075
0 0.2296875 0.2984375 0.1046875 0.1125
0 0.51484375 0.31484375 0.0796875 0.0828125
1 0.64140625 0.41171875 0.109375 0.2578125
1 0.31875 0.4421875 0.0953125 0.290625
1 0.4296875 0.48203125 0.090625 0.278125
1 0.7703125 0.4875 0.1453125 0.3125
1 0.5296875 0.5515625 0.121875 0.3078125
1 0.19296875 0.56640625 0.134375 0.3375
2 0.5125 0.95703125 0.0609375 0.0859375
2 0.584375 0.9625 0.05 0.075
2 0.409375 0.91640625 0.04375 0.103125
2 0.47734375 0.89296875 0.0546875 0.0921875
2 0.6203125 0.9140625 0.065625 0.08125
2 0.68671875 0.9359375 0.0515625 0.08125
2 0.3578125 0.971875 0.1046875 0.05625
