1 0.63203125 0.4515625 0.065625 0.078125
0 0.640625 0.47421875 0.0390625 0.0453125
0 0.45703125 0.49140625 0.0375 0.040625
0 0.55859375 0.5 0.040625 0.0453125
0 0.725 0.503125 0.0390625 0.0390625
0 0.78984375 0.50390625 0.0375 0.0375
0 0.3578125 0.50703125 0.0375 0.0390625
0 0.1234375 0.5125 0.0390625 0.0421875
0 0.26015625 0.55625 0.0390625 0.040625
0 0.19609375 0.57109375 0.0375 0.0390625
1 0.6328125 0.60703125 0.0859375 0.165625
1 0.55 0.6109375 0.075 0.15625
1 0.72265625 0.61328125 0.0921875 0.1453125
1 0.1171875 0.640625 0.090625 0.16875
1 0.45234375 0.65234375 0.10625 0.215625
1 0.79921875 0.65625 0.0921875 0.2140625
1 0.3578125 0.66875 0.090625 0.2
1 0.2640625 0.6890625 0.0796875 0.165625
1 0.1890625 0.70703125 0.071875 0.1640625
0 0.56015625 0.11640625 0.0359375 0.0390625
0 0.4734375 0.1296875 0.034375 0.0375
1 0.55703125 0.246875 0.0765625 0.165625
1 0.46875 0.25546875 0.078125 0.140625
0 0.63671875 0.3625 0.0375 0.0390625
2 0.6015625 0.90625 0.03125 0.04375
2 0.6546875 0.9046875 0.0515625 0.046875
2 0.69921875 0.90859375 0.0328125 0.0515625
2 0.74296875 0.9109375 0.0328125 0.034375
2 0.79296875 0.9046875 0.0328125 0.0375
2 0.7703125 0.90234375 0.0203125 0.0375
2 0.5625 0.90703125 0.0328125 0.046875
2 0.521875 0.90703125 0.0328125 0.046875
