0 0.39921875 0.28203125 0.03125 0.028125
0 0.31640625 0.290625 0.0296875 0.0296875
0 0.46640625 0.29921875 0.0265625 0.028125
0 0.53671875 0.309375 0.0234375 0.0171875
0 0.58671875 0.33203125 0.0265625 0.0328125
0 0.65703125 0.35625 0.015625 0.0203125
3 0.62734375 0.50625 0.021875 0.0453125
0 0.83671875 0.24296875 0.0578125 0.05
2 0.284375 0.70703125 0.0265625 0.04375
2 0.32578125 0.70390625 0.04375 0.05
2 0.37109375 0.690625 0.0296875 0.0390625
2 0.409375 0.67421875 0.046875 0.0375
2 0.44609375 0.66796875 0.0234375 0.0359375
2 0.478125 0.6640625 0.040625 0.0375
2 0.80546875 0.8875 0.096875 0.065625
2 0.5140625 0.6578125 0.0296875 0.040625
2 0.5375 0.6453125 0.0421875 0.0359375
2 0.56015625 0.64765625 0.0265625 0.0375
2 0.584375 0.634375 0.0328125 0.0359375
2 0.65078125 0.6328125 0.0265625 0.0328125
2 0.628125 0.6375 0.0234375 0.0296875
