0 0.3828125 0.47421875 0.040625 0.046875
0 0.5484375 0.5 0.040625 0.040625
0 0.290625 0.5015625 0.046875 0.0375
0 0.64921875 0.50546875 0.0359375 0.040625
0 0.471875 0.53203125 0.04375 0.0390625
1 0.3828125 0.6015625 0.0890625 0.1484375
1 0.65078125 0.61953125 0.08125 0.1375
1 0.28203125 0.64609375 0.0859375 0.1734375
1 0.465625 0.65625 0.065625 0.15
2 0.253125 0.92578125 0.0390625 0.0625
2 0.303125 0.92890625 0.0390625 0.065625
2 0.340625 0.909375 0.0375 0.0640625
2 0.3921875 0.89375 0.04375 0.05
2 0.45625 0.90234375 0.04375 0.046875
2 0.471875 0.89375 0.0375 0.0453125
2 0.53671875 0.88828125 0.028125 0.0484375
2 0.59140625 0.8953125 0.05 0.046875
2 0.67421875 0.8859375 0.0359375 0.065625
2 0.63046875 0.878125 0.034375 0.0453125
