0 0.22421875 0.18671875 0.0796875 0.075
0 0.496875 0.23984375 0.078125 0.0671875
0 0.609375 0.24375 0.071875 0.059375
0 0.3765625 0.25078125 0.078125 0.0703125
0 0.73984375 0.26640625 0.0640625 0.071875
1 0.75 0.478125 0.1390625 0.2625
1 0.615625 0.4796875 0.1375 0.2796875
1 0.4875 0.48203125 0.1296875 0.2796875
1 0.2203125 0.48359375 0.1859375 0.4046875
1 0.36875 0.5203125 0.134375 0.3125
2 0.79453125 0.946875 0.075 0.06875
2 0.715625 0.9203125 0.08125 0.0703125
2 0.67578125 0.95234375 0.0484375 0.0890625
2 0.5796875 0.9359375 0.0890625 0.0703125
2 0.534375 0.95859375 0.09375 0.0828125
2 0.44921875 0.96015625 0.0609375 0.0796875
