0 0.81875 0.21328125 0.05625 0.065625
0 0.5234375 0.240625 0.0375 0.059375
0 0.428125 0.24921875 0.0296875 0.03125
0 0.6671875 0.26484375 0.03125 0.0515625
0 0.3984375 0.27890625 0.0453125 0.0546875
0 0.27890625 0.2828125 0.0375 0.0515625
1 0.809375 0.32890625 0.0859375 0.18125
3 0.89140625 0.3515625 0.028125 0.0421875
1 0.7109375 0.36328125 0.0625 0.140625
0 0.128125 0.48046875 0.025 0.025
1 0.290625 0.50234375 0.1625 0.134375
1 0.12421875 0.54921875 0.0578125 0.084375
0 0.1578125 0.57578125 0.0515625 0.14375
