0 0.28515625 0.5359375 0.0421875 0.0328125
0 0.42265625 0.5453125 0.0390625 0.0328125
0 0.63125 0.546875 0.034375 0.0359375
0 0.70234375 0.5484375 0.0390625 0.0390625
0 0.35390625 0.55078125 0.0390625 0.0328125
0 0.56875 0.5859375 0.034375 0.0359375
2 0.2546875 0.9171875 0.0390625 0.0421875
2 0.29921875 0.921875 0.034375 0.0421875
2 0.3390625 0.925 0.0390625 0.0390625
2 0.37265625 0.928125 0.0296875 0.0421875
2 0.41015625 0.93984375 0.025 0.0546875
2 0.44375 0.93125 0.034375 0.0390625
2 0.47734375 0.9328125 0.0328125 0.0453125
2 0.51171875 0.9296875 0.034375 0.0453125
2 0.55234375 0.93515625 0.0328125 0.0421875
2 0.58671875 0.94296875 0.03125 0.0515625
2 0.6171875 0.93359375 0.0328125 0.0546875
2 0.653125 0.93984375 0.0296875 0.0484375
2 0.68671875 0.93671875 0.034375 0.0515625
2 0.7203125 0.93828125 0.028125 0.0578125
