0 0.14453125 0.3578125 0.028125 0.04375
0 0.16953125 0.33984375 0.04375 0.053125
0 0.3046875 0.26796875 0.0859375 0.0921875
0 0.41953125 0.2859375 0.08125 0.0796875
0 0.37421875 0.371875 0.0265625 0.0296875
0 0.46328125 0.3546875 0.03125 0.0328125
0 0.515625 0.3609375 0.0328125 0.0375
0 0.64765625 0.36171875 0.034375 0.0359375
0 0.66875 0.38125 0.0203125 0.0359375
0 0.68984375 0.3765625 0.03125 0.0375
0 0.96796875 0.32890625 0.0453125 0.046875
1 0.95859375 0.45078125 0.0796875 0.15
1 0.7078125 0.44296875 0.0390625 0.0921875
1 0.65 0.4453125 0.046875 0.1203125
1 0.52265625 0.4484375 0.04375 0.1140625
1 0.43125 0.534375 0.1671875 0.3375
1 0.48046875 0.41796875 0.05625 0.0765625
1 0.265625 0.4875 0.1890625 0.3125
1 0.18515625 0.45 0.065625 0.1625
1 0.134375 0.42890625 0.0578125 0.1171875
