0 0.23203125 0.3671875 0.028125 0.0234375
0 0.26796875 0.40703125 0.028125 0.015625
0 0.44921875 0.37890625 0.0265625 0.025
0 0.528125 0.3953125 0.0265625 0.021875
0 0.584375 0.38671875 0.0203125 0.01875
0 0.75390625 0.3984375 0.0375 0.0234375
1 0.29921875 0.47734375 0.0578125 0.0859375
1 0.23046875 0.41015625 0.0484375 0.0375
1 0.45625 0.46640625 0.040625 0.1
1 0.48671875 0.45234375 0.01875 0.0921875
1 0.5328125 0.4390625 0.0421875 0.0484375
1 0.584375 0.4328125 0.0421875 0.053125
1 0.7625 0.45703125 0.034375 0.078125
2 0.4171875 0.6578125 0.040625 0.028125
2 0.45078125 0.65234375 0.0390625 0.0296875
2 0.51796875 0.54296875 0.0203125 0.03125
2 0.5375 0.55546875 0.0234375 0.0203125
2 0.7484375 0.5828125 0.0390625 0.03125
