0 0.19765625 0.53125 0.0671875 0.0609375
0 0.32578125 0.5390625 0.0671875 0.0921875
0 0.6171875 0.54296875 0.0875 0.084375
0 0.7515625 0.54765625 0.0515625 0.0546875
0 0.3765625 0.54921875 0.040625 0.04375
0 0.44375 0.55625 0.0421875 0.053125
0 0.5609375 0.56171875 0.0453125 0.0421875
0 0.928125 0.5625 0.059375 0.0484375
0 0.2828125 0.56875 0.0328125 0.0484375
0 0.0515625 0.57421875 0.04375 0.04375
0 0.8171875 0.57890625 0.0546875 0.05
1 0.59609375 0.66171875 0.05 0.075
1 0.05703125 0.6734375 0.0734375 0.1390625
1 0.3890625 0.6828125 0.0546875 0.153125
1 0.44453125 0.6859375 0.0765625 0.175
1 0.7609375 0.69609375 0.08125 0.2078125
1 0.5515625 0.7015625 0.059375 0.1734375
1 0.92265625 0.71171875 0.0953125 0.16875
1 0.825 0.72734375 0.0609375 0.1640625
1 0.20234375 0.74921875 0.1015625 0.25
1 0.6421875 0.7703125 0.0890625 0.25
1 0.328125 0.7796875 0.1359375 0.2734375
1 0.03671875 0.79140625 0.071875 0.3296875
