0 0.5796875 0.4296875 0.053125 0.0375
0 0.640625 0.434375 0.0359375 0.0328125
0 0.38203125 0.5171875 0.0421875 0.0515625
1 0.659375 0.5375 0.05625 0.115625
0 0.53203125 0.540625 0.025 0.01875
1 0.60859375 0.575 0.0625 0.159375
1 0.525 0.5984375 0.0234375 0.025
1 0.39296875 0.6015625 0.053125 0.0625
0 0.4984375 0.61953125 0.0171875 0.015625
1 0.50625 0.64140625 0.01875 0.0234375
3 0.59609375 0.68828125 0.0359375 0.0703125
2 0.61953125 0.884375 0.0640625 0.0515625
2 0.42421875 0.7921875 0.0328125 0.04375
2 0.384375 0.79296875 0.0390625 0.05
2 0.7 0.809375 0.046875 0.0625
2 0.653125 0.80390625 0.0359375 0.059375
