0 0.02734375 0.228125 0.0375 0.040625
0 0.0140625 0.278125 0.0265625 0.0546875
0 0.0828125 0.2859375 0.01875 0.0578125
0 0.2125 0.2890625 0.025 0.034375
0 0.059375 0.296875 0.0375 0.046875
0 0.1109375 0.30234375 0.0359375 0.0453125
0 0.26484375 0.3109375 0.0296875 0.040625
0 0.78515625 0.36640625 0.040625 0.0625
0 0.646875 0.371875 0.025 0.046875
2 0.78359375 0.94765625 0.046875 0.05
2 0.7671875 0.91796875 0.0453125 0.053125
2 0.64296875 0.71953125 0.0328125 0.053125
2 0.21171875 0.7421875 0.021875 0.040625
2 0.2484375 0.7296875 0.0328125 0.0390625
2 0.159375 0.77265625 0.0359375 0.046875
2 0.109375 0.825 0.0375 0.05
2 0.0671875 0.83671875 0.040625 0.059375
2 0.028125 0.896875 0.0453125 0.0640625
2 0.259375 0.66875 0.0203125 0.0359375
2 0.2734375 0.6578125 0.0234375 0.0328125
