0 0.91484375 0.28203125 0.0578125 0.0484375
0 0.1359375 0.32265625 0.0609375 0.0609375
0 0.3625 0.3328125 0.0421875 0.0390625
0 0.43984375 0.346875 0.0375 0.0390625
0 0.7234375 0.34765625 0.04375 0.046875
0 0.69609375 0.35234375 0.0265625 0.0375
0 0.24921875 0.35625 0.05 0.0484375
0 0.596875 0.35625 0.0359375 0.0390625
2 0.7640625 0.73515625 0.04375 0.04375
2 0.8859375 0.7546875 0.046875 0.046875
2 0.9234375 0.75234375 0.046875 0.05625
2 0.71796875 0.72890625 0.034375 0.0421875
2 0.6234375 0.70703125 0.03125 0.0421875
2 0.5671875 0.7046875 0.03125 0.04375
2 0.67265625 0.665625 0.021875 0.0328125
2 0.0984375 0.8453125 0.0515625 0.065625
2 0.1671875 0.8421875 0.0484375 0.0609375
2 0.196875 0.7890625 0.0421875 0.0390625
2 0.26640625 0.79375 0.03125 0.0515625
2 0.325 0.759375 0.0390625 0.0484375
