0 0.94921875 0.153125 0.046875 0.0515625
0 0.27734375 0.17109375 0.0734375 0.0671875
0 0.77109375 0.1734375 0.0609375 0.05625
0 0.39609375 0.184375 0.01875 0.0203125
1 0.39765625 0.22578125 0.0203125 0.0390625
1 0.94765625 0.27265625 0.065625 0.1390625
1 0.7890625 0.30390625 0.078125 0.1515625
1 0.25390625 0.33125 0.075 0.2109375
3 0.7328125 0.3828125 0.0296875 0.05
0 0.42734375 0.60625 0.059375 0.046875
1 0.60546875 0.68125 0.1078125 0.075
0 0.52109375 0.68515625 0.0328125 0.04375
1 0.4828125 0.73359375 0.075 0.153125
2 0.29609375 0.6328125 0.09375 0.134375
2 0.759375 0.49921875 0.0703125 0.1140625
2 0.77578125 0.52734375 0.0625 0.09375
2 0.5 0.86953125 0.0390625 0.0828125
