0 0.7625 0.51640625 0.0265625 0.034375
3 0.55625 0.54453125 0.028125 0.046875
0 0.30859375 0.66875 0.0171875 0.015625
3 0.27265625 0.67734375 0.01875 0.021875
0 0.809375 0.7 0.0203125 0.021875
0 0.59609375 0.45234375 0.028125 0.0265625
0 0.6078125 0.47734375 0.015625 0.0203125
1 0.5984375 0.5328125 0.0546875 0.0953125
1 0.30703125 0.7046875 0.0328125 0.053125
1 0.7359375 0.5703125 0.05 0.090625
2 0.58515625 0.7078125 0.0265625 0.03125
2 0.60625 0.7078125 0.01875 0.028125
2 0.296875 0.79765625 0.0109375 0.021875
