0 0.13359375 0.20078125 0.0640625 0.0609375
0 0.3015625 0.21953125 0.0546875 0.053125
0 0.728125 0.2390625 0.0546875 0.0546875
0 0.378125 0.24140625 0.0546875 0.0546875
0 0.82265625 0.24609375 0.0734375 0.0640625
0 0.21171875 0.2515625 0.0640625 0.0609375
0 0.4890625 0.2546875 0.0546875 0.0546875
0 0.596875 0.3046875 0.0546875 0.0546875
1 0.125 0.39765625 0.0953125 0.2203125
1 0.30234375 0.4015625 0.0703125 0.203125
1 0.728125 0.42109375 0.1140625 0.2
1 0.49375 0.43046875 0.0859375 0.2015625
1 0.3765625 0.43984375 0.09375 0.2203125
1 0.8296875 0.45078125 0.121875 0.21875
1 0.221875 0.459375 0.1 0.234375
1 0.60390625 0.4984375 0.0859375 0.2296875
2 0.09375 0.85546875 0.04375 0.0765625
2 0.90078125 0.934375 0.046875 0.0703125
2 0.8109375 0.89453125 0.075 0.0640625
2 0.6875 0.815625 0.05625 0.0578125
2 0.778125 0.84140625 0.04375 0.0515625
2 0.54375 0.8140625 0.046875 0.0703125
2 0.4640625 0.8125 0.0421875 0.0578125
2 0.41953125 0.8375 0.0421875 0.0640625
2 0.35 0.8375 0.046875 0.0609375
2 0.2828125 0.80546875 0.0390625 0.0546875
2 0.23828125 0.84296875 0.053125 0.0625
2 0.196875 0.8609375 0.0578125 0.065625
2 0.153125 0.82890625 0.0453125 0.0609375
2 0.5828125 0.85546875 0.046875 0.05625
2 0.62265625 0.8671875 0.05 0.0609375
