0 0.81171875 0.16171875 0.075 0.08125
0 0.74609375 0.1625 0.06875 0.0734375
0 0.26796875 0.1859375 0.0828125 0.0734375
0 0.1515625 0.24375 0.084375 0.065625
1 0.85390625 0.3984375 0.109375 0.3359375
1 0.73984375 0.3984375 0.0984375 0.2859375
1 0.28046875 0.43203125 0.140625 0.29375
1 0.1359375 0.46171875 0.1375 0.2609375
0 0.5671875 0.6375 0.0640625 0.121875
0 0.64296875 0.6625 0.0625 0.1296875
1 0.75546875 0.690625 0.1453125 0.1765625
1 0.4765625 0.7015625 0.175 0.19375
2 0.26015625 0.94453125 0.0859375 0.0890625
2 0.34296875 0.9203125 0.0703125 0.0890625
2 0.840625 0.93359375 0.090625 0.0796875
2 0.8 0.9234375 0.0703125 0.065625
