0 0.878125 0.2765625 0.03125 0.034375
3 0.696875 0.42734375 0.0359375 0.071875
3 0.9015625 0.4890625 0.0296875 0.0546875
3 0.1 0.50078125 0.0796875 0.090625
3 0.41875 0.51640625 0.0578125 0.090625
3 0.74140625 0.51640625 0.034375 0.08125
0 0.0953125 0.065625 0.0984375 0.128125
3 0.31015625 0.6578125 0.0625 0.10625
0 0.759375 0.2125 0.05625 0.0984375
0 0.34140625 0.22109375 0.1015625 0.184375
2 0.446875 0.89453125 0.0578125 0.1234375
2 0.6265625 0.775 0.05 0.09375
2 0.8171875 0.6546875 0.0296875 0.05625
2 0.6953125 0.77734375 0.0640625 0.065625
2 0.85703125 0.653125 0.04375 0.0515625
2 0.2703125 0.9203125 0.053125 0.15
2 0.171875 0.91640625 0.0765625 0.1234375
2 0.10546875 0.89375 0.0828125 0.08125
