0 0.8 0.33984375 0.0703125 0.05
3 0.69765625 0.39140625 0.034375 0.0546875
3 0.696875 0.4578125 0.0390625 0.05625
0 0.56640625 0.46640625 0.0390625 0.040625
0 0.20078125 0.4671875 0.04375 0.05625
0 0.44375 0.4671875 0.0359375 0.0375
1 0.80703125 0.47109375 0.1015625 0.125
0 0.36640625 0.4921875 0.0390625 0.0546875
1 0.63828125 0.503125 0.0734375 0.078125
1 0.24921875 0.509375 0.053125 0.1078125
1 0.47421875 0.5234375 0.0578125 0.065625
1 0.3484375 0.54296875 0.0625 0.0640625
3 0.2421875 0.60390625 0.028125 0.04375
3 0.29375 0.6125 0.0265625 0.046875
3 0.6078125 0.615625 0.034375 0.05
3 0.34140625 0.67421875 0.040625 0.059375
2 0.7578125 0.80859375 0.0828125 0.05625
2 0.3125 0.69765625 0.0453125 0.0421875
2 0.26171875 0.70703125 0.034375 0.0453125
2 0.2046875 0.70546875 0.040625 0.0421875
