0 0.46484375 0.30859375 0.0328125 0.0390625
0 0.315625 0.3140625 0.0390625 0.0421875
0 0.628125 0.3171875 0.0328125 0.0328125
0 0.5484375 0.32265625 0.0296875 0.0328125
0 0.74765625 0.3375 0.0390625 0.046875
0 0.3859375 0.346875 0.034375 0.0375
1 0.70546875 0.35703125 0.0640625 0.0703125
0 0.85 0.35859375 0.0421875 0.0390625
0 0.56796875 0.375 0.0390625 0.0390625
1 0.790625 0.37734375 0.0546875 0.1
0 0.28203125 0.38515625 0.0421875 0.0421875
0 0.45078125 0.3890625 0.0390625 0.040625
0 0.17109375 0.390625 0.0484375 0.046875
1 0.61953125 0.4015625 0.040625 0.0734375
1 0.3265625 0.40234375 0.0578125 0.078125
1 0.484375 0.40390625 0.0546875 0.0859375
1 0.528125 0.40859375 0.0421875 0.096875
0 0.34453125 0.44375 0.04375 0.04375
1 0.3921875 0.45234375 0.0671875 0.1265625
0 0.25 0.47109375 0.053125 0.046875
1 0.74609375 0.478125 0.0796875 0.1734375
1 0.85078125 0.49296875 0.1078125 0.1859375
1 0.66015625 0.5046875 0.1 0.190625
1 0.5640625 0.50625 0.0734375 0.153125
1 0.45625 0.528125 0.0765625 0.1734375
1 0.36015625 0.6 0.115625 0.1921875
1 0.2515625 0.62734375 0.1171875 0.1921875
0 0.665625 0.1765625 0.0203125 0.0296875
1 0.675 0.2328125 0.0515625 0.06875
0 0.70859375 0.278125 0.0296875 0.03125
0 0.79296875 0.28125 0.0328125 0.03125
2 0.17734375 0.83125 0.0328125 0.075
2 0.8234375 0.73515625 0.0296875 0.0515625
2 0.79140625 0.70390625 0.0359375 0.0515625
2 0.746875 0.728125 0.0484375 0.05625
2 0.69921875 0.7125 0.025 0.065625
2 0.6625 0.7640625 0.0296875 0.0671875
2 0.62578125 0.7265625 0.046875 0.0484375
2 0.56953125 0.7390625 0.034375 0.0625
2 0.5328125 0.74765625 0.0265625 0.0578125
2 0.47890625 0.79375 0.0296875 0.078125
2 0.45390625 0.7578125 0.046875 0.0546875
2 0.37265625 0.8125 0.0375 0.0640625
2 0.34765625 0.821875 0.0328125 0.0703125
2 0.290625 0.87421875 0.0359375 0.0515625
2 0.26640625 0.88671875 0.0359375 0.0609375
