0 0.903125 0.24296875 0.034375 0.0421875
0 0.2484375 0.26640625 0.0578125 0.05625
0 0.11328125 0.290625 0.0453125 0.0484375
0 0.01328125 0.29375 0.0234375 0.046875
0 0.3515625 0.315625 0.0578125 0.071875
0 0.153125 0.3171875 0.0296875 0.046875
0 0.05625 0.33203125 0.0484375 0.0625
1 0.8953125 0.41328125 0.0796875 0.16875
1 0.22890625 0.45625 0.0953125 0.209375
0 0.69609375 0.49296875 0.0578125 0.0515625
1 0.04296875 0.49921875 0.0828125 0.2109375
1 0.33515625 0.5 0.0828125 0.2046875
0 0.59921875 0.5359375 0.0546875 0.0578125
2 0.6953125 0.79609375 0.0796875 0.096875
2 0.77578125 0.7671875 0.059375 0.0953125
2 0.88984375 0.7421875 0.0609375 0.0890625
2 0.35 0.86015625 0.0546875 0.125
