0 0.34453125 0.3 0.015625 0.0125
0 0.43671875 0.303125 0.0171875 0.0171875
0 0.86875 0.21953125 0.0671875 0.0609375
0 0.17109375 0.221875 0.021875 0.01875
0 0.68828125 0.2265625 0.075 0.0578125
0 0.55078125 0.228125 0.0609375 0.0546875
0 0.925 0.24921875 0.05 0.0609375
0 0.19765625 0.28671875 0.021875 0.015625
2 0.5578125 0.74140625 0.059375 0.0578125
2 0.496875 0.75390625 0.0421875 0.0671875
2 0.678125 0.83515625 0.075 0.0578125
2 0.67421875 0.78671875 0.0546875 0.0515625
2 0.815625 0.8390625 0.046875 0.0859375
2 0.89140625 0.91015625 0.05625 0.1296875
