0 0.13203125 0.35625 0.0765625 0.0765625
0 0.03203125 0.35625 0.0625 0.1015625
0 0.31640625 0.3765625 0.05625 0.059375
0 0.4703125 0.39140625 0.040625 0.046875
0 0.66796875 0.39765625 0.040625 0.0421875
0 0.525 0.40546875 0.0328125 0.040625
0 0.2 0.43203125 0.06875 0.0765625
0 0.7109375 0.4328125 0.0453125 0.075
0 0.58828125 0.43515625 0.040625 0.040625
0 0.84921875 0.4671875 0.0640625 0.0734375
2 0.296875 0.9375 0.040625 0.05625
2 0.33515625 0.9234375 0.046875 0.0578125
2 0.42890625 0.87265625 0.0296875 0.046875
2 0.4828125 0.875 0.0390625 0.046875
2 0.5671875 0.86484375 0.046875 0.0484375
2 0.60546875 0.8890625 0.03125 0.0453125
2 0.67109375 0.9140625 0.046875 0.040625
2 0.69921875 0.94375 0.0546875 0.046875
