0 0.03828125 0.2515625 0.0734375 0.071875
0 0.50078125 0.2671875 0.065625 0.05
0 0.2921875 0.27109375 0.0734375 0.0546875
1 0.92265625 0.34140625 0.1546875 0.2828125
1 0.70625 0.44765625 0.1203125 0.2359375
1 0.3078125 0.45 0.1203125 0.2359375
1 0.51015625 0.45 0.1203125 0.2359375
1 0.06875 0.4515625 0.134375 0.246875
3 0.86484375 0.5328125 0.065625 0.0796875
3 0.65546875 0.5375 0.0390625 0.05
3 0.478125 0.5609375 0.0421875 0.0515625
3 0.28203125 0.58125 0.0390625 0.0578125
3 0.04765625 0.6171875 0.0421875 0.0703125
0 0.89375 0.1234375 0.0828125 0.0796875
0 0.696875 0.2375 0.06875 0.0546875
2 0.33359375 0.8171875 0.071875 0.078125
2 0.2765625 0.7859375 0.0828125 0.065625
2 0.540625 0.8109375 0.06875 0.0703125
2 0.7109375 0.8375 0.0859375 0.0953125
2 0.8734375 0.8265625 0.103125 0.0703125
2 0.92421875 0.88125 0.1296875 0.0875
2 0.0921875 0.8390625 0.0703125 0.0796875
