0 0.36328125 0.3578125 0.04375 0.040625
0 0.59296875 0.36328125 0.0546875 0.046875
0 0.45390625 0.36796875 0.0453125 0.046875
0 0.178125 0.36953125 0.04375 0.04375
0 0.2671875 0.375 0.040625 0.0515625
0 0.51875 0.38046875 0.0453125 0.0609375
3 0.10234375 0.4984375 0.0453125 0.0828125
1 0.35859375 0.50625 0.0828125 0.18125
1 0.46015625 0.50625 0.075 0.1609375
1 0.18046875 0.52109375 0.0640625 0.190625
1 0.2640625 0.5296875 0.0828125 0.178125
1 0.528125 0.5296875 0.09375 0.203125
1 0.6234375 0.53046875 0.096875 0.215625
3 0.3375 0.634375 0.034375 0.071875
3 0.19921875 0.6359375 0.034375 0.06875
3 0.22890625 0.6453125 0.0328125 0.05
3 0.65234375 0.6453125 0.0453125 0.06875
3 0.3109375 0.646875 0.0203125 0.0421875
3 0.4671875 0.646875 0.0375 0.08125
2 0.6203125 0.928125 0.065625 0.059375
2 0.6171875 0.88515625 0.06875 0.0515625
2 0.54375 0.87890625 0.0359375 0.0640625
2 0.4765625 0.87890625 0.059375 0.05
2 0.3796875 0.815625 0.04375 0.0546875
2 0.45234375 0.83359375 0.0609375 0.0515625
