0 0.7078125 0.25625 0.0515625 0.071875
0 0.4828125 0.2625 0.0453125 0.059375
0 0.54296875 0.2640625 0.04375 0.0515625
0 0.3640625 0.27890625 0.0453125 0.0546875
1 0.6296875 0.42734375 0.078125 0.1859375
1 0.1921875 0.43046875 0.08125 0.23125
1 0.2921875 0.434375 0.0796875 0.2140625
1 0.471875 0.44921875 0.084375 0.1984375
1 0.5515625 0.453125 0.08125 0.215625
1 0.70703125 0.45546875 0.071875 0.1953125
1 0.36875 0.4578125 0.0796875 0.175
1 0.8015625 0.5 0.096875 0.259375
1 0.92734375 0.50390625 0.1234375 0.2921875
0 0.50703125 0.53828125 0.0609375 0.08125
0 0.61796875 0.546875 0.05625 0.0734375
0 0.4109375 0.5484375 0.0578125 0.071875
0 0.69921875 0.59375 0.0671875 0.0921875
0 0.278125 0.6609375 0.0671875 0.1296875
1 0.5171875 0.7546875 0.0953125 0.2265625
1 0.6265625 0.76015625 0.1109375 0.215625
1 0.40859375 0.7640625 0.0875 0.24375
1 0.73125 0.8390625 0.1125 0.2625
0 0.35234375 0.17265625 0.0390625 0.0453125
0 0.4703125 0.19296875 0.0421875 0.0453125
0 0.696875 0.19765625 0.0421875 0.0359375
0 0.3078125 0.20546875 0.05 0.0515625
0 0.18046875 0.21328125 0.071875 0.075
0 0.87890625 0.2171875 0.0578125 0.059375
0 0.5875 0.21953125 0.025 0.04375
0 0.55546875 0.22109375 0.028125 0.0359375
0 0.62265625 0.2296875 0.0453125 0.0890625
0 0.409375 0.23125 0.046875 0.0515625
0 0.92421875 0.2375 0.0609375 0.084375
0 0.7953125 0.24765625 0.059375 0.06875
0 0.7515625 0.2484375 0.0453125 0.0453125
2 0.1578125 0.91875 0.0390625 0.1125
2 0.2109375 0.88984375 0.0609375 0.0890625
2 0.27734375 0.940625 0.065625 0.0921875
2 0.3078125 0.81875 0.0421875 0.10625
