0 0.915625 0.28203125 0.0546875 0.0578125
0 0.753125 0.28828125 0.0546875 0.0625
0 0.21171875 0.29296875 0.0515625 0.0484375
0 0.6609375 0.30078125 0.0515625 0.0515625
0 0.52890625 0.30234375 0.0515625 0.0484375
0 0.36875 0.31484375 0.0578125 0.040625
0 0.8328125 0.31484375 0.053125 0.053125
0 0.10390625 0.3171875 0.0625 0.0484375
0 0.59921875 0.3234375 0.046875 0.03125
0 0.2984375 0.32890625 0.0546875 0.0515625
0 0.4546875 0.32890625 0.0484375 0.04375
0 0.7015625 0.3515625 0.05625 0.0578125
0 0.621875 0.36484375 0.04375 0.0515625
0 0.4203125 0.378125 0.0546875 0.065625
2 0.10390625 0.80390625 0.03125 0.059375
2 0.16875 0.7984375 0.0484375 0.0484375
2 0.28671875 0.79140625 0.0375 0.0609375
2 0.328125 0.77109375 0.046875 0.046875
2 0.3640625 0.76796875 0.0390625 0.0625
2 0.403125 0.80703125 0.0375 0.0546875
2 0.4234375 0.78125 0.040625 0.053125
2 0.4671875 0.7765625 0.034375 0.05625
2 0.43671875 0.75390625 0.040625 0.046875
2 0.4984375 0.7671875 0.05 0.0515625
2 0.5296875 0.77578125 0.0359375 0.071875
2 0.60390625 0.8234375 0.0515625 0.0484375
2 0.20234375 0.80078125 0.03125 0.075
2 0.234375 0.77890625 0.04375 0.046875
2 0.69140625 0.82109375 0.0359375 0.0609375
2 0.74296875 0.79296875 0.0390625 0.0625
2 0.7703125 0.76796875 0.046875 0.0515625
2 0.8203125 0.78046875 0.0359375 0.059375
2 0.86640625 0.7796875 0.05 0.0546875
2 0.9171875 0.81171875 0.0359375 0.0703125
