0 0.15703125 0.33125 0.046875 0.0453125
0 0.85390625 0.36171875 0.0421875 0.04375
0 0.7546875 0.3859375 0.040625 0.0421875
0 0.5875 0.3921875 0.0390625 0.04375
0 0.2484375 0.396875 0.04375 0.04375
0 0.4375 0.403125 0.04375 0.0390625
0 0.34453125 0.40546875 0.0453125 0.0390625
0 0.68046875 0.40703125 0.0390625 0.0359375
0 0.52421875 0.43125 0.0421875 0.0453125
1 0.1453125 0.50859375 0.1 0.203125
1 0.8640625 0.521875 0.084375 0.215625
1 0.596875 0.540625 0.0984375 0.159375
1 0.76484375 0.54765625 0.09375 0.2046875
1 0.43515625 0.55703125 0.0890625 0.171875
1 0.2390625 0.56328125 0.0921875 0.21875
1 0.68828125 0.5671875 0.078125 0.1953125
1 0.3453125 0.5875 0.090625 0.203125
1 0.5203125 0.6 0.0625 0.2140625
2 0.115625 0.87265625 0.040625 0.1109375
2 0.16875 0.86484375 0.06875 0.1015625
2 0.42109375 0.85625 0.0484375 0.109375
2 0.45 0.85625 0.046875 0.09375
2 0.5140625 0.88125 0.059375 0.05625
2 0.33515625 0.890625 0.0546875 0.0578125
2 0.609375 0.8640625 0.0375 0.090625
2 0.56953125 0.85 0.0625 0.084375
2 0.65703125 0.86640625 0.0625 0.065625
2 0.68828125 0.8765625 0.0515625 0.078125
2 0.728125 0.8625 0.053125 0.0671875
2 0.7859375 0.88125 0.0359375 0.0703125
2 0.83203125 0.878125 0.0671875 0.046875
2 0.8890625 0.88515625 0.046875 0.065625
2 0.225 0.9 0.04375 0.0484375
2 0.2671875 0.88671875 0.06875 0.0578125
