0 0.1359375 0.43984375 0.0265625 0.0203125
0 0.1828125 0.4546875 0.01875 0.0203125
0 0.23125 0.559375 0.025 0.0234375
0 0.2984375 0.47578125 0.028125 0.025
0 0.3390625 0.43125 0.0171875 0.0265625
0 0.36171875 0.396875 0.021875 0.0328125
0 0.321875 0.58125 0.0265625 0.0265625
0 0.36796875 0.59375 0.034375 0.0359375
0 0.434375 0.25390625 0.021875 0.0203125
0 0.47109375 0.23515625 0.015625 0.0171875
0 0.50546875 0.26953125 0.0171875 0.0140625
0 0.5671875 0.234375 0.025 0.0265625
0 0.509375 0.45390625 0.034375 0.0296875
0 0.5109375 0.5171875 0.0171875 0.0171875
0 0.5828125 0.46875 0.01875 0.0265625
0 0.6328125 0.56953125 0.025 0.028125
0 0.65859375 0.4109375 0.025 0.0296875
0 0.6796875 0.45234375 0.0234375 0.0296875
0 0.71015625 0.4078125 0.025 0.028125
0 0.77890625 0.21171875 0.0234375 0.0265625
0 0.81796875 0.42578125 0.0265625 0.0265625
0 0.8921875 0.47578125 0.0296875 0.0328125
0 0.9578125 0.41171875 0.0296875 0.0234375
1 0.13046875 0.509375 0.040625 0.08125
1 0.2890625 0.55 0.025 0.075
1 0.3171875 0.65390625 0.0390625 0.10625
1 0.37109375 0.65390625 0.053125 0.0890625
1 0.36484375 0.46875 0.0359375 0.075
1 0.3328125 0.50390625 0.025 0.0734375
1 0.5328125 0.5125 0.0390625 0.0609375
1 0.60390625 0.496875 0.0421875 0.0421875
1 0.6078125 0.61796875 0.0203125 0.0625
1 0.69140625 0.51328125 0.040625 0.0765625
1 0.71015625 0.4484375 0.0296875 0.0484375
1 0.57265625 0.29140625 0.0328125 0.0578125
1 0.89609375 0.54765625 0.0484375 0.078125
1 0.95703125 0.48203125 0.0296875 0.090625
1 0.78203125 0.25859375 0.03125 0.0453125
