0 0.86953125 0.2140625 0.0546875 0.0640625
0 0.35078125 0.215625 0.0453125 0.053125
0 0.70078125 0.225 0.04375 0.05625
0 0.440625 0.23515625 0.046875 0.0484375
0 0.20390625 0.2390625 0.040625 0.05625
0 0.515625 0.2453125 0.04375 0.05625
0 0.03203125 0.26796875 0.0453125 0.0640625
0 0.5984375 0.271875 0.04375 0.05625
0 0.28125 0.29296875 0.040625 0.05625
0 0.1171875 0.32421875 0.040625 0.05625
1 0.78359375 0.4046875 0.078125 0.2671875
1 0.44375 0.43515625 0.0796875 0.2234375
1 0.52265625 0.4359375 0.0671875 0.2046875
1 0.35859375 0.4390625 0.078125 0.2234375
1 0.21015625 0.4546875 0.0703125 0.2546875
1 0.70078125 0.4546875 0.0734375 0.2546875
1 0.60625 0.4703125 0.078125 0.2359375
1 0.86171875 0.47109375 0.0578125 0.321875
1 0.9453125 0.48125 0.1078125 0.3625
1 0.03828125 0.48828125 0.075 0.253125
1 0.2859375 0.496875 0.0578125 0.228125
1 0.1234375 0.51875 0.06875 0.2421875
0 0.775 0.146875 0.05 0.0578125
0 0.9375 0.184375 0.078125 0.0875
0 0.83046875 0.1875 0.0484375 0.0640625
