0 0.5234375 0.171875 0.0546875 0.059375
0 0.64140625 0.1875 0.059375 0.0875
0 0.21328125 0.203125 0.0265625 0.034375
0 0.39296875 0.209375 0.0484375 0.078125
0 0.2734375 0.2125 0.0625 0.0875
0 0.4484375 0.21484375 0.059375 0.0671875
0 0.590625 0.2171875 0.0390625 0.046875
0 0.14609375 0.22109375 0.01875 0.0234375
0 0.121875 0.228125 0.01875 0.025
0 0.3421875 0.228125 0.04375 0.06875
0 0.18515625 0.23046875 0.05 0.0671875
0 0.72578125 0.23359375 0.0734375 0.0734375
0 0.07734375 0.23671875 0.01875 0.0234375
0 0.05 0.24375 0.015625 0.021875
0 0.01484375 0.25 0.025 0.021875
2 0.27734375 0.91015625 0.05625 0.06875
2 0.2234375 0.94140625 0.0484375 0.059375
2 0.475 0.90234375 0.0671875 0.0671875
2 0.409375 0.84921875 0.034375 0.0703125
2 0.525 0.8109375 0.0359375 0.0625
2 0.5609375 0.81328125 0.0390625 0.0703125
2 0.61875 0.88984375 0.034375 0.0578125
2 0.66328125 0.8046875 0.046875 0.1234375
2 0.7015625 0.9265625 0.046875 0.08125
2 0.375 0.77734375 0.0375 0.0546875
2 0.1765625 0.809375 0.0421875 0.0625
2 0.209375 0.78359375 0.0328125 0.0859375
2 0.3265625 0.715625 0.03125 0.06875
