0 0.29375 0.12109375 0.046875 0.0515625
0 0.14453125 0.140625 0.015625 0.01875
0 0.4453125 0.14296875 0.0328125 0.0484375
0 0.178125 0.14609375 0.015625 0.0203125
0 0.2140625 0.146875 0.0125 0.015625
0 0.57109375 0.1515625 0.0203125 0.0328125
1 0.140625 0.171875 0.03125 0.03125
1 0.46796875 0.17265625 0.0171875 0.0109375
0 0.07890625 0.175 0.025 0.0296875
1 0.1859375 0.1859375 0.0328125 0.034375
1 0.046875 0.19375 0.0546875 0.04375
1 0.49140625 0.1984375 0.0296875 0.04375
1 0.2765625 0.21171875 0.0671875 0.0984375
1 0.4125 0.22265625 0.0375 0.1125
0 0.10859375 0.2328125 0.021875 0.0265625
0 0.65625 0.25078125 0.08125 0.0859375
1 0.8546875 0.25625 0.0671875 0.0703125
1 0.13984375 0.28046875 0.05 0.0578125
3 0.38125 0.30625 0.0375 0.06875
3 0.44609375 0.31484375 0.028125 0.046875
0 0.34296875 0.3171875 0.040625 0.090625
1 0.465625 0.3265625 0.0609375 0.0921875
1 0.771875 0.33671875 0.13125 0.184375
1 0.23984375 0.35390625 0.125 0.178125
3 0.28359375 0.47890625 0.0359375 0.0796875
3 0.66875 0.5578125 0.05625 0.078125
3 0.84453125 0.5765625 0.053125 0.0828125
2 0.2453125 0.71640625 0.08125 0.0796875
2 0.7390625 0.79375 0.078125 0.084375
2 0.69921875 0.740625 0.0546875 0.0765625
2 0.30234375 0.515625 0.065625 0.0640625
2 0.41640625 0.46328125 0.0375 0.0640625
2 0.546875 0.39453125 0.021875 0.040625
