0 0.09453125 0.26640625 0.00625 0.0125
0 0.03359375 0.76640625 0.0171875 0.0203125
0 0.34765625 0.63359375 0.009375 0.0078125
0 0.43046875 0.765625 0.0109375 0.0171875
0 0.48359375 0.709375 0.0078125 0.0171875
0 0.4875 0.73515625 0.009375 0.015625
0 0.584375 0.7078125 0.0078125 0.0125
0 0.53984375 0.65625 0.0046875 0.0125
0 0.503125 0.65546875 0.0046875 0.0109375
0 0.578125 0.60625 0.0078125 0.009375
0 0.50234375 0.378125 0.0078125 0.0140625
0 0.4734375 0.3640625 0.0109375 0.0109375
0 0.75 0.35859375 0.0078125 0.0078125
0 0.77890625 0.36640625 0.0078125 0.0109375
0 0.93984375 0.6859375 0.0078125 0.009375
1 0.3453125 0.6625 0.0203125 0.0390625
1 0.0328125 0.809375 0.028125 0.059375
1 0.53984375 0.68203125 0.0171875 0.040625
