0 0.7 0.1515625 0.0359375 0.0375
0 0.97890625 0.16328125 0.040625 0.0453125
0 0.87734375 0.26171875 0.0359375 0.046875
1 0.84609375 0.35625 0.034375 0.109375
3 0.81171875 0.3796875 0.03125 0.0609375
0 0.728125 0.396875 0.075 0.065625
3 0.8796875 0.4234375 0.01875 0.0484375
0 0.334375 0.453125 0.059375 0.05625
0 0.3359375 0.528125 0.0625 0.065625
0 0.6921875 0.5328125 0.0390625 0.04375
0 0.16796875 0.56328125 0.05 0.075
3 0.6484375 0.6671875 0.0265625 0.0421875
3 0.15546875 0.72578125 0.0296875 0.04375
3 0.3859375 0.7390625 0.0390625 0.0546875
3 0.05546875 0.77265625 0.05 0.04375
3 0.278125 0.778125 0.040625 0.05625
2 0.39609375 0.96796875 0.0828125 0.05625
2 0.45390625 0.89140625 0.053125 0.0640625
2 0.71640625 0.91484375 0.0734375 0.0640625
2 0.64765625 0.43671875 0.0234375 0.0421875
2 0.68984375 0.4390625 0.0328125 0.0359375
2 0.0953125 0.83203125 0.053125 0.06875
2 0.17109375 0.765625 0.0703125 0.0375
2 0.90390625 0.48203125 0.0484375 0.0546875
2 0.95390625 0.490625 0.0375 0.0546875
2 0.8359375 0.52265625 0.0296875 0.0515625
