0 0.74765625 0.31796875 0.028125 0.046875
0 0.9609375 0.34765625 0.0390625 0.03125
0 0.14609375 0.471875 0.0203125 0.025
0 0.86953125 0.1921875 0.071875 0.0921875
0 0.37265625 0.2046875 0.0875 0.08125
0 0.77265625 0.225 0.0703125 0.059375
0 0.55390625 0.234375 0.075 0.078125
0 0.3046875 0.2796875 0.071875 0.06875
0 0.07421875 0.29375 0.0765625 0.078125
2 0.74765625 0.91328125 0.059375 0.090625
2 0.65 0.96875 0.0671875 0.0625
2 0.83671875 0.93203125 0.053125 0.078125
2 0.546875 0.9625 0.0609375 0.065625
2 0.0875 0.9734375 0.08125 0.053125
2 0.27890625 0.9671875 0.06875 0.065625
