0 0.303125 0.47265625 0.0359375 0.04375
0 0.80859375 0.475 0.0375 0.0453125
0 0.4984375 0.509375 0.034375 0.0421875
0 0.70859375 0.5234375 0.0359375 0.046875
0 0.27109375 0.5296875 0.0375 0.04375
1 0.2 0.5578125 0.053125 0.0421875
1 0.39375 0.5578125 0.0640625 0.05
1 0.31796875 0.575 0.046875 0.09375
1 0.8078125 0.58046875 0.059375 0.103125
0 0.19140625 0.58125 0.0421875 0.04375
1 0.89375 0.6171875 0.059375 0.1125
1 0.6109375 0.6203125 0.0703125 0.1125
1 0.4984375 0.62265625 0.0546875 0.10625
1 0.7078125 0.6234375 0.0515625 0.109375
1 0.2734375 0.63984375 0.053125 0.10625
0 0.58359375 0.715625 0.0328125 0.05625
0 0.81953125 0.73203125 0.0421875 0.0671875
1 0.19296875 0.75078125 0.0734375 0.196875
2 0.41796875 0.7921875 0.05625 0.05625
2 0.5328125 0.76875 0.0609375 0.0703125
2 0.59375 0.78671875 0.053125 0.0515625
2 0.6984375 0.7390625 0.0296875 0.065625
2 0.73046875 0.7484375 0.046875 0.0734375
2 0.7796875 0.70078125 0.028125 0.0703125
2 0.9296875 0.79921875 0.053125 0.0515625
2 0.91171875 0.76328125 0.046875 0.0625
2 0.35 0.79921875 0.046875 0.0734375
2 0.284375 0.79921875 0.05 0.08125
2 0.08515625 0.728125 0.0484375 0.0546875
