0 0.4671875 0.67109375 0.0203125 0.021875
0 0.46171875 0.54140625 0.021875 0.03125
0 0.38984375 0.725 0.0109375 0.0265625
0 0.3765625 0.59140625 0.0203125 0.021875
0 0.371875 0.50703125 0.01875 0.0296875
0 0.32890625 0.48828125 0.0171875 0.021875
0 0.2296875 0.6265625 0.0171875 0.034375
0 0.603125 0.09453125 0.0140625 0.0234375
0 0.49296875 0.1 0.0140625 0.0265625
0 0.67734375 0.13984375 0.0171875 0.015625
0 0.678125 0.2 0.01875 0.0234375
0 0.803125 0.27421875 0.0203125 0.015625
0 0.86171875 0.275 0.0171875 0.0140625
0 0.984375 0.3953125 0.0234375 0.0171875
0 0.84765625 0.3328125 0.021875 0.0203125
0 0.746875 0.3734375 0.021875 0.01875
0 0.778125 0.559375 0.021875 0.025
0 0.7328125 0.23671875 0.0140625 0.025
0 0.621875 0.346875 0.0234375 0.0234375
0 0.80703125 0.44921875 0.021875 0.021875
0 0.88671875 0.359375 0.0234375 0.0265625
0 0.40625 0.81875 0.015625 0.025
0 0.76171875 0.2828125 0.0140625 0.025
2 0.6203125 0.50703125 0.0234375 0.03125
2 0.47421875 0.834375 0.028125 0.0515625
2 0.56328125 0.49375 0.0203125 0.046875
2 0.75078125 0.521875 0.0203125 0.04375
