0 0.6671875 0.19921875 0.109375 0.05625
0 0.3078125 0.27578125 0.1203125 0.0734375
0 0.15078125 0.29609375 0.0453125 0.0234375
0 0.4703125 0.296875 0.05 0.021875
0 0.2296875 0.30234375 0.053125 0.03125
0 0.821875 0.31015625 0.0453125 0.021875
1 0.15390625 0.353125 0.09375 0.053125
0 0.3796875 0.35625 0.0703125 0.0359375
1 0.47890625 0.3640625 0.0890625 0.08125
1 0.82265625 0.3765625 0.0546875 0.0765625
1 0.67578125 0.4078125 0.2140625 0.2484375
1 0.4046875 0.440625 0.0984375 0.1265625
1 0.03359375 0.4796875 0.0640625 0.21875
1 0.26640625 0.509375 0.225 0.2796875
2 0.5640625 0.90703125 0.128125 0.1234375
2 0.75078125 0.91875 0.1328125 0.1359375
2 0.43046875 0.6546875 0.0453125 0.05
2 0.04921875 0.89296875 0.0984375 0.096875
