0 0.58515625 0.1453125 0.0765625 0.0703125
0 0.1328125 0.15546875 0.0953125 0.1015625
1 0.83359375 0.375 0.221875 0.3625
1 0.20234375 0.3796875 0.221875 0.29375
1 0.5171875 0.3890625 0.1921875 0.3015625
0 0.82421875 0.08203125 0.1234375 0.1046875
0 0.49765625 0.11875 0.09375 0.1125
0 0.1890625 0.13125 0.078125 0.071875
2 0.76484375 0.946875 0.109375 0.0671875
2 0.853125 0.96640625 0.075 0.0671875
2 0.6484375 0.9765625 0.1125 0.046875
2 0.5203125 0.96875 0.084375 0.0625
2 0.6625 0.91484375 0.05625 0.0703125
2 0.58984375 0.91328125 0.046875 0.0625
2 0.2390625 0.89453125 0.0828125 0.0703125
