0 0.48828125 0.2203125 0.06875 0.0609375
0 0.3484375 0.246875 0.0609375 0.0546875
0 0.55546875 0.28203125 0.0359375 0.0328125
0 0.7796875 0.30703125 0.059375 0.046875
0 0.7 0.3109375 0.0484375 0.053125
0 0.8375 0.31328125 0.0625 0.0578125
0 0.64296875 0.33359375 0.05625 0.059375
2 0.47109375 0.91640625 0.053125 0.0796875
2 0.553125 0.90703125 0.078125 0.078125
2 0.365625 0.95703125 0.0703125 0.065625
2 0.82421875 0.7390625 0.04375 0.059375
2 0.646875 0.79765625 0.0484375 0.0734375
2 0.6828125 0.75 0.046875 0.078125
2 0.78828125 0.69140625 0.0375 0.0515625
2 0.5625 0.715625 0.034375 0.0578125
