1 0.34140625 0.35625 0.04375 0.165625
1 0.40703125 0.38828125 0.046875 0.1703125
1 0.54140625 0.39609375 0.034375 0.1703125
1 0.01953125 0.4125 0.0359375 0.1890625
1 0.821875 0.43984375 0.090625 0.2140625
0 0.26640625 0.44375 0.053125 0.0953125
0 0.134375 0.4828125 0.0625 0.0984375
1 0.2125 0.4921875 0.0453125 0.11875
1 0.08671875 0.5625 0.0734375 0.0984375
0 0.3265625 0.20546875 0.0390625 0.0359375
0 0.0171875 0.234375 0.0328125 0.0484375
0 0.42421875 0.24296875 0.0484375 0.05
0 0.52890625 0.2453125 0.0421875 0.0390625
0 0.80703125 0.246875 0.0640625 0.06875
2 0.38984375 0.69296875 0.0453125 0.0453125
2 0.740625 0.79453125 0.059375 0.05625
2 0.82265625 0.80234375 0.059375 0.059375
2 0.33671875 0.63515625 0.0546875 0.040625
