0 0.57265625 0.12265625 0.0328125 0.0328125
0 0.1765625 0.14765625 0.0390625 0.0734375
0 0.63828125 0.16953125 0.028125 0.0359375
3 0.38671875 0.30625 0.053125 0.071875
3 0.43828125 0.3234375 0.0515625 0.0609375
0 0.4609375 0.4296875 0.0765625 0.1265625
3 0.7921875 0.44609375 0.0625 0.096875
0 0.77578125 0.05546875 0.0859375 0.109375
0 0.4015625 0.06796875 0.0796875 0.1140625
3 0.48671875 0.703125 0.0515625 0.090625
2 0.83671875 0.8234375 0.1 0.0671875
2 0.79453125 0.8203125 0.09375 0.0671875
2 0.38046875 0.771875 0.090625 0.071875
