0 0.7515625 0.20625 0.0859375 0.1046875
1 0.85859375 0.32265625 0.2265625 0.2453125
0 0.38203125 0.3796875 0.0234375 0.0359375
0 0.609375 0.38359375 0.0140625 0.0203125
3 0.878125 0.40546875 0.0765625 0.0859375
0 0.41171875 0.40859375 0.015625 0.0234375
0 0.59765625 0.4125 0.01875 0.0296875
1 0.35546875 0.4421875 0.046875 0.1078125
1 0.62578125 0.453125 0.0421875 0.0671875
1 0.3953125 0.4609375 0.0359375 0.084375
3 0.73046875 0.5578125 0.05 0.11875
2 0.834375 0.80859375 0.103125 0.0875
2 0.9484375 0.80546875 0.103125 0.1296875
2 0.61015625 0.55078125 0.028125 0.0359375
2 0.365625 0.60625 0.0375 0.028125
