0 0.453125 0.41875 0.03125 0.034375
0 0.6375 0.4234375 0.0390625 0.04375
0 0.696875 0.42421875 0.0515625 0.053125
0 0.55390625 0.4296875 0.034375 0.0359375
0 0.33828125 0.44375 0.040625 0.0421875
2 0.328125 0.80546875 0.03125 0.040625
2 0.3578125 0.78515625 0.04375 0.03125
2 0.47734375 0.74765625 0.0265625 0.0390625
2 0.51640625 0.753125 0.03125 0.04375
2 0.56484375 0.78984375 0.0375 0.028125
2 0.5953125 0.8078125 0.0265625 0.04375
2 0.65234375 0.81328125 0.0578125 0.0359375
2 0.67890625 0.8265625 0.0328125 0.05
2 0.71328125 0.92890625 0.0625 0.046875
2 0.8234375 0.9625 0.00625 0.0046875
