0 0.521875 0.246875 0.0609375 0.0640625
0 0.6859375 0.25078125 0.071875 0.0765625
0 0.859375 0.25234375 0.0609375 0.0671875
0 0.22890625 0.25859375 0.046875 0.0609375
0 0.378125 0.26015625 0.0625 0.06875
1 0.6984375 0.415625 0.109375 0.2265625
1 0.5234375 0.42421875 0.1 0.23125
1 0.38203125 0.4421875 0.103125 0.225
1 0.86640625 0.44375 0.1140625 0.25
1 0.2203125 0.45390625 0.1 0.234375
2 0.19921875 0.778125 0.0375 0.0890625
2 0.2359375 0.8140625 0.0421875 0.078125
2 0.3625 0.81953125 0.0453125 0.053125
2 0.40390625 0.81171875 0.0390625 0.0515625
2 0.5015625 0.828125 0.04375 0.053125
2 0.55546875 0.78671875 0.0546875 0.1046875
2 0.671875 0.83359375 0.059375 0.0671875
2 0.71328125 0.83671875 0.034375 0.0515625
2 0.846875 0.8375 0.046875 0.05
2 0.8984375 0.815625 0.0453125 0.0859375
