0 0.7296875 0.1578125 0.0859375 0.0796875
1 0.9609375 0.17265625 0.078125 0.1359375
0 0.24609375 0.2125 0.065625 0.1265625
1 0.778125 0.2953125 0.15 0.203125
1 0.90546875 0.34921875 0.13125 0.2859375
1 0.17578125 0.40390625 0.1203125 0.2921875
3 0.7125 0.46484375 0.04375 0.075
0 0.959375 0.05234375 0.046875 0.05
0 0.915625 0.14609375 0.059375 0.0796875
2 0.23203125 0.9359375 0.103125 0.0875
2 0.11171875 0.94765625 0.0609375 0.084375
2 0.7734375 0.7546875 0.0671875 0.09375
2 0.90625 0.7421875 0.05625 0.121875
