0 0.5328125 0.4 0.0171875 0.015625
0 0.5875 0.49296875 0.0171875 0.0265625
0 0.65234375 0.58359375 0.01875 0.0265625
0 0.63515625 0.40390625 0.0203125 0.01875
0 0.84375 0.3703125 0.0125 0.015625
2 0.52890625 0.53671875 0.0109375 0.025
2 0.5390625 0.53515625 0.009375 0.0234375
2 0.575 0.6421875 0.015625 0.0234375
2 0.5890625 0.65078125 0.015625 0.01875
2 0.61640625 0.5546875 0.015625 0.025
2 0.640625 0.553125 0.0203125 0.025
2 0.83359375 0.521875 0.0109375 0.025
2 0.65703125 0.75078125 0.0203125 0.025
