0 0.4015625 0.3796875 0.04375 0.028125
0 0.2296875 0.43125 0.0296875 0.034375
0 0.3609375 0.434375 0.028125 0.028125
0 0.01640625 0.4421875 0.028125 0.028125
0 0.0609375 0.44453125 0.021875 0.025
1 0.0859375 0.48359375 0.028125 0.0890625
0 0.18828125 0.48515625 0.028125 0.021875
3 0.3625 0.48828125 0.0234375 0.040625
1 0.34140625 0.49296875 0.028125 0.10625
1 0.18984375 0.53828125 0.0421875 0.0546875
0 0.57734375 0.54765625 0.034375 0.0296875
1 0.58125 0.59921875 0.0578125 0.08125
0 0.0984375 0.6203125 0.040625 0.0421875
0 0.91328125 0.684375 0.05 0.0515625
1 0.9109375 0.75234375 0.0390625 0.078125
0 0.85546875 0.75625 0.0359375 0.0484375
0 0.05 0.77734375 0.028125 0.0265625
