0 0.84375 0.475 0.0609375 0.0421875
0 0.3609375 0.47578125 0.040625 0.0359375
0 0.0875 0.4859375 0.0484375 0.0390625
0 0.5046875 0.4875 0.05 0.0359375
0 0.93671875 0.48984375 0.059375 0.0421875
0 0.22890625 0.49453125 0.0515625 0.0515625
0 0.6515625 0.4953125 0.046875 0.0375
0 0.4375 0.51953125 0.0484375 0.0328125
0 0.71328125 0.5203125 0.0421875 0.0359375
0 0.57734375 0.5265625 0.0359375 0.034375
0 0.29765625 0.528125 0.040625 0.03125
0 0.18671875 0.5390625 0.0421875 0.0390625
0 0.77890625 0.5484375 0.0328125 0.034375
0 0.48046875 0.5546875 0.0171875 0.0234375
0 0.5546875 0.5703125 0.0203125 0.0375
2 0.896875 0.94765625 0.071875 0.1046875
2 0.83359375 0.946875 0.0390625 0.10625
2 0.9359375 0.92734375 0.0453125 0.1078125
2 0.97265625 0.92421875 0.0546875 0.1109375
2 0.775 0.92890625 0.028125 0.0390625
2 0.809375 0.93046875 0.040625 0.0453125
2 0.74375 0.91875 0.04375 0.10625
2 0.7046875 0.9234375 0.0296875 0.1046875
2 0.60390625 0.92578125 0.0390625 0.096875
2 0.55625 0.92734375 0.0390625 0.1078125
2 0.45703125 0.9359375 0.040625 0.10625
2 0.421875 0.9375 0.0390625 0.1109375
