0 0.18359375 0.40390625 0.01875 0.0203125
0 0.21953125 0.38125 0.0171875 0.021875
0 0.28984375 0.36953125 0.0140625 0.01875
0 0.36484375 0.37109375 0.0140625 0.021875
0 0.4640625 0.38671875 0.0125 0.015625
2 0.4484375 0.51328125 0.01875 0.025
2 0.47734375 0.51796875 0.0171875 0.0203125
2 0.375 0.5203125 0.0171875 0.0203125
2 0.36640625 0.50859375 0.01875 0.0234375
2 0.296875 0.503125 0.01875 0.0296875
2 0.23046875 0.52265625 0.0203125 0.0265625
2 0.18671875 0.54140625 0.0171875 0.0265625
2 0.1984375 0.5265625 0.0109375 0.0234375
