0 0.38359375 0.58515625 0.021875 0.015625
0 0.76484375 0.590625 0.028125 0.0375
0 0.45390625 0.603125 0.0296875 0.0296875
0 0.30078125 0.6078125 0.025 0.025
0 0.89765625 0.609375 0.0265625 0.025
0 0.6875 0.61796875 0.0203125 0.01875
0 0.63046875 0.62109375 0.0234375 0.03125
0 0.23203125 0.62265625 0.0265625 0.0234375
0 0.58203125 0.62421875 0.0203125 0.0234375
0 0.521875 0.6328125 0.0265625 0.021875
0 0.32578125 0.634375 0.0203125 0.0203125
2 0.33671875 0.8640625 0.0234375 0.04375
2 0.5609375 0.8453125 0.0265625 0.0265625
2 0.6140625 0.83515625 0.0234375 0.0359375
2 0.6796875 0.84140625 0.034375 0.03125
2 0.87578125 0.828125 0.0234375 0.0546875
2 0.91875 0.84140625 0.0328125 0.0359375
