0 0.58359375 0.2953125 0.090625 0.1421875
1 0.30859375 0.53828125 0.165625 0.465625
1 0.5921875 0.665625 0.1515625 0.43125
0 0.84765625 0.78828125 0.0125 0.015625
0 0.9625 0.79453125 0.009375 0.015625
1 0.84765625 0.81875 0.01875 0.0375
0 0.8296875 0.81953125 0.009375 0.0140625
1 0.96328125 0.81953125 0.015625 0.028125
1 0.72265625 0.84140625 0.0203125 0.03125
1 0.9078125 0.846875 0.015625 0.028125
1 0.68828125 0.85078125 0.01875 0.05
1 0.83671875 0.85625 0.009375 0.03125
0 0.35546875 0.15625 0.1171875 0.15
