0 0.44765625 0.3421875 0.0609375 0.0796875
0 0.1828125 0.3671875 0.0625 0.0859375
0 0.70390625 0.378125 0.059375 0.0625
0 0.54921875 0.40703125 0.0578125 0.0765625
0 0.40234375 0.40859375 0.0421875 0.034375
0 0.26640625 0.4125 0.0390625 0.0515625
0 0.3265625 0.434375 0.059375 0.0765625
0 0.846875 0.4484375 0.0578125 0.0609375
1 0.2734375 0.51796875 0.0515625 0.109375
1 0.43671875 0.578125 0.1046875 0.3109375
1 0.1984375 0.578125 0.1203125 0.2640625
1 0.709375 0.5953125 0.1125 0.278125
3 0.5734375 0.61640625 0.0359375 0.0734375
1 0.55234375 0.625 0.103125 0.2546875
1 0.32578125 0.63203125 0.090625 0.234375
1 0.8484375 0.65234375 0.1046875 0.2390625
3 0.64296875 0.74296875 0.034375 0.0546875
3 0.775 0.74375 0.0328125 0.059375
3 0.12890625 0.746875 0.028125 0.075
3 0.37109375 0.7515625 0.040625 0.075
3 0.26328125 0.75859375 0.0328125 0.08125
3 0.4984375 0.75859375 0.0359375 0.071875
