0 0.88359375 0.3390625 0.08125 0.084375
0 0.63515625 0.4609375 0.05625 0.0578125
0 0.4375 0.4921875 0.046875 0.0421875
0 0.29765625 0.5296875 0.034375 0.0390625
0 0.240625 0.55078125 0.028125 0.0328125
0 0.17265625 0.56484375 0.028125 0.025
0 0.0640625 0.5796875 0.028125 0.0296875
3 0.921875 0.6484375 0.084375 0.1265625
3 0.31484375 0.67890625 0.028125 0.059375
3 0.25625 0.6828125 0.028125 0.0515625
3 0.17734375 0.684375 0.0171875 0.0421875
3 0.453125 0.696875 0.0359375 0.071875
3 0.65859375 0.70546875 0.0421875 0.0671875
