1 0.81171875 0.31171875 0.115625 0.1984375
1 0.46796875 0.3515625 0.16875 0.3328125
0 0.4703125 0.06875 0.090625 0.06875
0 0.89921875 0.1125 0.05 0.0515625
0 0.12890625 0.1375 0.034375 0.0421875
0 0.3671875 0.146875 0.0265625 0.0296875
0 0.80078125 0.15 0.0578125 0.0609375
0 0.32890625 0.15234375 0.0390625 0.0484375
0 0.65703125 0.15390625 0.046875 0.0328125
0 0.06796875 0.16015625 0.015625 0.0328125
0 0.1921875 0.16171875 0.025 0.0171875
0 0.43125 0.16328125 0.0296875 0.0390625
0 0.234375 0.16484375 0.0125 0.0171875
0 0.08515625 0.16953125 0.0265625 0.0328125
0 0.22109375 0.1703125 0.0140625 0.0171875
0 0.284375 0.171875 0.028125 0.0328125
0 0.20390625 0.1734375 0.015625 0.0171875
1 0.1890625 0.2125 0.0265625 0.0546875
1 0.225 0.22578125 0.05 0.0859375
1 0.284375 0.22890625 0.046875 0.0875
1 0.3453125 0.2484375 0.0625 0.1328125
1 0.91171875 0.25 0.096875 0.1953125
1 0.6671875 0.28125 0.090625 0.16875
2 0.43828125 0.8875 0.04375 0.146875
2 0.471875 0.88203125 0.075 0.1171875
2 0.134375 0.4703125 0.0328125 0.0609375
2 0.1078125 0.45546875 0.0328125 0.071875
2 0.834375 0.571875 0.040625 0.090625
2 0.89375 0.55859375 0.053125 0.065625
2 0.67265625 0.4921875 0.0390625 0.0609375
2 0.6453125 0.48515625 0.0296875 0.0515625
