0 0.53671875 0.375 0.0421875 0.0703125
0 0.4265625 0.38515625 0.0453125 0.08125
2 0.303125 0.92421875 0.0375 0.071875
2 0.3359375 0.9203125 0.0328125 0.059375
2 0.359375 0.934375 0.0328125 0.046875
2 0.42109375 0.940625 0.0328125 0.040625
2 0.45390625 0.94609375 0.040625 0.046875
2 0.6234375 0.94765625 0.028125 0.059375
2 0.6546875 0.95234375 0.028125 0.0546875
2 0.68671875 0.9375 0.046875 0.0515625
2 0.73828125 0.9453125 0.03125 0.059375
2 0.24140625 0.9375 0.0453125 0.0640625
2 0.14453125 0.9375 0.040625 0.0515625
2 0.81171875 0.94765625 0.028125 0.05625
2 0.859375 0.95625 0.0359375 0.0546875
2 0.52265625 0.94375 0.0359375 0.0515625
2 0.57265625 0.9390625 0.0359375 0.0515625
