0 0.3859375 0.31640625 0.053125 0.0515625
0 0.84375 0.32109375 0.0359375 0.0484375
0 0.7328125 0.34296875 0.046875 0.0609375
0 0.68828125 0.34453125 0.0484375 0.0625
0 0.8296875 0.34609375 0.0546875 0.0625
0 0.50625 0.359375 0.05 0.0546875
0 0.3390625 0.3734375 0.0453125 0.0375
0 0.44765625 0.38125 0.053125 0.0484375
0 0.60234375 0.3875 0.046875 0.04375
0 0.2140625 0.40703125 0.05 0.053125
0 0.27578125 0.4171875 0.0640625 0.0546875
3 0.2203125 0.4890625 0.0359375 0.065625
1 0.39140625 0.5 0.1046875 0.1828125
1 0.7515625 0.50390625 0.059375 0.190625
1 0.83359375 0.528125 0.0984375 0.19375
1 0.4484375 0.5296875 0.0296875 0.1828125
1 0.68828125 0.5328125 0.0890625 0.20625
1 0.5078125 0.540625 0.1015625 0.1953125
1 0.59921875 0.54296875 0.0796875 0.175
1 0.2796875 0.57578125 0.0859375 0.18125
1 0.2015625 0.5796875 0.0828125 0.203125
3 0.90625 0.5859375 0.028125 0.0625
3 0.471875 0.6203125 0.0265625 0.065625
3 0.5546875 0.6484375 0.028125 0.0703125
2 0.41015625 0.85625 0.0359375 0.065625
2 0.378125 0.8609375 0.0390625 0.05625
2 0.50859375 0.86796875 0.0359375 0.053125
2 0.6109375 0.82734375 0.034375 0.053125
2 0.690625 0.86015625 0.0328125 0.053125
2 0.8109375 0.86171875 0.0375 0.0625
2 0.86015625 0.86484375 0.04375 0.0453125
2 0.590625 0.81328125 0.0296875 0.053125
2 0.30234375 0.86484375 0.0359375 0.053125
2 0.265625 0.8515625 0.0359375 0.0484375
2 0.2171875 0.8609375 0.028125 0.0421875
2 0.1921875 0.828125 0.021875 0.065625
2 0.6578125 0.82734375 0.0375 0.0828125
