1 0.703125 0.34375 0.1171875 0.1328125
1 0.784375 0.45 0.1375 0.196875
1 0.94453125 0.4578125 0.1078125 0.209375
1 0.178125 0.4578125 0.1296875 0.2078125
1 0.45625 0.46015625 0.1390625 0.203125
1 0.059375 0.46015625 0.11875 0.2109375
1 0.3265625 0.465625 0.1296875 0.2109375
1 0.61796875 0.465625 0.1390625 0.2109375
2 0.021875 0.8484375 0.04375 0.0828125
2 0.1515625 0.8484375 0.0515625 0.0546875
2 0.1875 0.8484375 0.053125 0.05625
2 0.28828125 0.85234375 0.053125 0.0484375
2 0.321875 0.84765625 0.0546875 0.0515625
2 0.43125 0.84375 0.0484375 0.06875
2 0.4640625 0.8484375 0.0484375 0.05625
2 0.58515625 0.85546875 0.046875 0.0546875
2 0.61875 0.8515625 0.05625 0.0546875
2 0.7453125 0.8546875 0.0671875 0.059375
2 0.7875 0.8578125 0.0671875 0.059375
2 0.9171875 0.8546875 0.0546875 0.0546875
2 0.9796875 0.853125 0.040625 0.0609375
