1 0.840625 0.30859375 0.125 0.1546875
1 0.7078125 0.378125 0.1234375 0.1546875
1 0.2578125 0.3828125 0.109375 0.1640625
1 0.546875 0.3875 0.1171875 0.19375
1 0.36640625 0.39765625 0.153125 0.16875
2 0.2328125 0.575 0.0625 0.0390625
2 0.69921875 0.60078125 0.0640625 0.0359375
2 0.75703125 0.60078125 0.046875 0.040625
2 0.8578125 0.50703125 0.06875 0.04375
3 0.1859375 0.421875 0.040625 0.040625
3 0.42578125 0.4859375 0.0546875 0.0546875
3 0.484375 0.38203125 0.0359375 0.0484375
3 0.53515625 0.46484375 0.046875 0.0484375
3 0.6296875 0.384375 0.040625 0.0515625
3 0.73046875 0.4578125 0.0515625 0.0609375
