1 0.06953125 0.5515625 0.13125 0.2390625
1 0.93671875 0.55546875 0.1234375 0.2171875
1 0.82421875 0.6078125 0.1171875 0.2109375
1 0.18125 0.61015625 0.103125 0.2171875
1 0.28828125 0.6109375 0.103125 0.196875
1 0.62109375 0.6140625 0.103125 0.2125
1 0.5125 0.6171875 0.125 0.2328125
1 0.721875 0.6203125 0.0921875 0.209375
1 0.3859375 0.6203125 0.121875 0.203125
2 0.04296875 0.95390625 0.0640625 0.0546875
2 0.1109375 0.94921875 0.084375 0.0546875
2 0.18359375 0.9453125 0.071875 0.0671875
2 0.28203125 0.9484375 0.0515625 0.0453125
2 0.3109375 0.9484375 0.0546875 0.04375
2 0.37578125 0.95 0.0484375 0.046875
2 0.4 0.9484375 0.053125 0.0453125
2 0.49609375 0.94921875 0.0546875 0.0484375
2 0.528125 0.9515625 0.0484375 0.0453125
2 0.6359375 0.95703125 0.0828125 0.0484375
2 0.725 0.959375 0.0796875 0.0484375
2 0.8328125 0.953125 0.0703125 0.0546875
2 0.9203125 0.96171875 0.0875 0.046875
2 0.9734375 0.96171875 0.053125 0.0515625
