0 0.38671875 0.7765625 0.0515625 0.05
0 0.3203125 0.74609375 0.04375 0.04375
0 0.284375 0.69765625 0.0359375 0.0390625
0 0.23515625 0.74140625 0.04375 0.04375
0 0.20625 0.72109375 0.0375 0.0421875
0 0.1828125 0.68671875 0.034375 0.0359375
0 0.159375 0.73671875 0.0421875 0.0421875
0 0.115625 0.6625 0.0359375 0.0359375
0 0.096875 0.7234375 0.040625 0.04375
0 0.0578125 0.7046875 0.0390625 0.040625
0 0.02421875 0.67421875 0.0375 0.0390625
0 0.01015625 0.70859375 0.0203125 0.0453125
1 0.396875 0.85859375 0.04375 0.0828125
1 0.35234375 0.90546875 0.1328125 0.1890625
1 0.29375 0.86171875 0.1234375 0.1640625
1 0.27265625 0.7765625 0.0671875 0.0703125
1 0.21171875 0.86796875 0.125 0.178125
1 0.1296875 0.8578125 0.0984375 0.153125
1 0.1890625 0.78671875 0.0515625 0.065625
1 0.15546875 0.75546875 0.06875 0.0625
1 0.1 0.74609375 0.0859375 0.0953125
1 0.06484375 0.84921875 0.096875 0.1640625
1 0.028125 0.82421875 0.05625 0.1453125
1 0.0171875 0.746875 0.03125 0.0390625
1 0.01484375 0.8296875 0.0296875 0.1625
0 0.696875 0.5609375 0.434375 0.24375
