0 0.09765625 0.10390625 0.1953125 0.2078125
1 0.1953125 0.346875 0.390625 0.165625
0 0.871875 0.08984375 0.190625 0.1796875
0 0.03203125 0.66328125 0.034375 0.0359375
0 0.2484375 0.625 0.034375 0.034375
0 0.1953125 0.6046875 0.03125 0.034375
0 0.45078125 0.57890625 0.0171875 0.0390625
0 0.16328125 0.64453125 0.0328125 0.0375
0 0.06875 0.64453125 0.03125 0.0359375
0 0.10234375 0.62421875 0.03125 0.034375
0 0.3046875 0.66484375 0.0421875 0.0828125
0 0.12265625 0.6609375 0.034375 0.0421875
0 0.44140625 0.64609375 0.0359375 0.0484375
0 0.3765625 0.6109375 0.0375 0.0359375
0 0.33984375 0.62734375 0.0359375 0.034375
0 0.30078125 0.64375 0.0375 0.034375
0 0.27890625 0.6125 0.03125 0.03125
0 0.2109375 0.65703125 0.0359375 0.0375
1 0.440625 0.70859375 0.0375 0.1640625
1 0.4359375 0.78046875 0.046875 0.1703125
1 0.38828125 0.73515625 0.096875 0.15625
1 0.34765625 0.7328125 0.0546875 0.140625
1 0.315625 0.76484375 0.0890625 0.1546875
1 0.27734375 0.68125 0.028125 0.040625
1 0.26484375 0.73671875 0.0703125 0.1421875
1 0.22578125 0.7703125 0.084375 0.146875
1 0.20703125 0.67890625 0.059375 0.0578125
1 0.1734375 0.74609375 0.0671875 0.11875
1 0.12734375 0.771875 0.0953125 0.1421875
1 0.0984375 0.6875 0.025 0.0234375
1 0.0828125 0.70859375 0.05625 0.046875
1 0.04609375 0.7671875 0.0875 0.13125
1 0.01328125 0.7515625 0.0265625 0.11875
0 0.696875 0.72890625 0.475 0.5421875
