0 0.209375 0.7125 0.2171875 0.2578125
0 0.03515625 0.53203125 0.0703125 0.2015625
0 0.92890625 0.34375 0.0390625 0.04375
0 0.8296875 0.471875 0.0296875 0.04375
0 0.7875 0.64140625 0.028125 0.0390625
0 0.871875 0.59375 0.03125 0.04375
0 0.76875 0.8578125 0.025 0.0359375
0 0.7046875 0.884375 0.021875 0.0359375
1 0.71171875 0.890625 0.046875 0.0625
1 0.79453125 0.65546875 0.04375 0.0640625
1 0.86796875 0.61171875 0.0703125 0.0921875
1 0.83515625 0.49609375 0.0578125 0.084375
1 0.91875 0.40390625 0.0890625 0.1203125
