0 0.03984375 0.18515625 0.0453125 0.0578125
0 0.12109375 0.1640625 0.0453125 0.0578125
0 0.23984375 0.23671875 0.059375 0.0796875
0 0.415625 0.1859375 0.0578125 0.0828125
0 0.32734375 0.1125 0.0453125 0.0578125
0 0.3078125 0.1453125 0.0328125 0.05
1 0.34765625 0.21328125 0.096875 0.0984375
1 0.46875 0.296875 0.0625 0.225
1 0.19609375 0.3609375 0.1390625 0.215625
1 0.14453125 0.3125 0.1234375 0.1890625
1 0.0578125 0.3109375 0.115625 0.184375
1 0.13203125 0.6359375 0.1703125 0.225
1 0.18984375 0.56015625 0.0796875 0.0859375
1 0.25078125 0.61171875 0.14375 0.203125
1 0.31484375 0.57734375 0.1296875 0.1359375
1 0.4015625 0.58359375 0.13125 0.1484375
1 0.46796875 0.5703125 0.0640625 0.121875
