0 0.00625 0.10390625 0.0125 0.1015625
0 0.39921875 0.84140625 0.0390625 0.1046875
0 0.309375 0.84609375 0.09375 0.0921875
0 0.3453125 0.93984375 0.03125 0.0328125
0 0.2546875 0.91015625 0.0375 0.0375
0 0.2015625 0.91015625 0.0375 0.040625
0 0.06484375 0.89375 0.0390625 0.040625
0 0.040625 0.9109375 0.025 0.0375
0 0.01953125 0.90234375 0.0359375 0.0421875
1 0.009375 0.95859375 0.01875 0.0828125
1 0.05 0.95703125 0.0625 0.0859375
1 0.1828125 0.96875 0.059375 0.0625
1 0.26484375 0.95703125 0.2140625 0.0859375
1 0.22890625 0.96484375 0.0671875 0.0703125
