1 0.07421875 0.35703125 0.1484375 0.2109375
0 0.58671875 0.1828125 0.025 0.0359375
0 0.675 0.35625 0.0234375 0.0328125
0 0.73828125 0.35546875 0.021875 0.0328125
1 0.734375 0.3640625 0.04375 0.0578125
1 0.5859375 0.196875 0.0421875 0.0578125
1 0.52578125 0.1859375 0.0328125 0.084375
1 0.5171875 0.078125 0.015625 0.078125
0 0.64375 0.96953125 0.08125 0.0609375
0 0.8859375 0.9203125 0.09375 0.0671875
0 0.53203125 0.98203125 0.0359375 0.025
0 0.59609375 0.978125 0.04375 0.0265625
0 0.575 0.96640625 0.028125 0.01875
1 0.92421875 0.97265625 0.1484375 0.0546875
