0 0.52265625 0.93828125 0.03125 0.0296875
0 0.24296875 0.903125 0.0453125 0.04375
0 0.20546875 0.890625 0.03125 0.0359375
0 0.171875 0.8578125 0.0453125 0.046875
0 0.065625 0.8734375 0.0296875 0.034375
0 0.04921875 0.8359375 0.03125 0.0359375
0 0.00625 0.90078125 0.0125 0.0265625
1 0.2609375 0.965625 0.08125 0.06875
1 0.203125 0.959375 0.05625 0.08125
1 0.159375 0.9484375 0.075 0.103125
1 0.06953125 0.98359375 0.0359375 0.0328125
1 0.04140625 0.93828125 0.0734375 0.1234375
1 0.9390625 0.54375 0.121875 0.1875
