1 0.2546875 0.1171875 0.509375 0.234375
0 0.99375 0.06875 0.0125 0.028125
0 0.9453125 0.07109375 0.0515625 0.046875
0 0.89609375 0.07578125 0.01875 0.021875
0 0.8828125 0.07421875 0.01875 0.0203125
0 0.85 0.0625 0.034375 0.034375
0 0.80859375 0.03046875 0.0265625 0.0265625
0 0.76875 0.01015625 0.04375 0.0203125
0 0.77421875 0.0578125 0.0765625 0.08125
0 0.70625 0.0765625 0.0234375 0.0265625
0 0.6828125 0.0625 0.0125 0.0109375
1 0.68359375 0.0875 0.015625 0.03125
0 0.6671875 0.059375 0.028125 0.028125
0 0.62578125 0.034375 0.0328125 0.03125
1 0.61171875 0.13203125 0.071875 0.121875
1 0.65546875 0.13515625 0.059375 0.1046875
1 0.69375 0.14140625 0.0453125 0.0890625
1 0.80703125 0.109375 0.0453125 0.0875
1 0.87421875 0.14140625 0.046875 0.0796875
1 0.890625 0.1359375 0.0140625 0.059375
1 0.965625 0.14765625 0.0203125 0.0265625
1 0.97890625 0.1484375 0.0421875 0.103125
1 0.93046875 0.196875 0.103125 0.175
1 0.83671875 0.15 0.08125 0.1140625
1 0.73515625 0.1125 0.0640625 0.1421875
1 0.7625 0.2140625 0.121875 0.171875
0 0.86015625 0.0875 0.0078125 0.01875
