1 0.4765625 0.175 0.159375 0.35
0 0.51015625 0.646875 0.03125 0.0484375
0 0.48359375 0.6265625 0.05 0.059375
0 0.33828125 0.54375 0.0953125 0.103125
0 0.2125 0.559375 0.090625 0.0890625
0 0.259375 0.65390625 0.0296875 0.0328125
0 0.16328125 0.63203125 0.0359375 0.0375
0 0.1078125 0.63671875 0.0359375 0.040625
1 0.09609375 0.73125 0.0515625 0.125
1 0.19140625 0.8203125 0.1984375 0.359375
1 0.14296875 0.7 0.0640625 0.084375
1 0.3734375 0.78359375 0.2171875 0.3453125
1 0.4625 0.74609375 0.078125 0.1796875
1 0.5171875 0.725 0.0671875 0.1296875
