0 0.77109375 0.15078125 0.034375 0.0359375
0 0.8578125 0.16015625 0.0375 0.0390625
0 0.95 0.16796875 0.0390625 0.0375
0 0.7171875 0.16796875 0.0359375 0.0375
0 0.496875 0.12421875 0.0359375 0.0359375
0 0.55078125 0.1046875 0.0328125 0.0375
0 0.815625 0.19140625 0.0390625 0.0421875
0 0.58359375 0.1453125 0.034375 0.0390625
0 0.6796875 0.1484375 0.0328125 0.0375
0 0.88515625 0.2140625 0.040625 0.0375
0 0.64609375 0.12734375 0.0328125 0.0375
0 0.4375 0.16328125 0.046875 0.0859375
0 0.62421875 0.16484375 0.0359375 0.04375
0 0.9671875 0.21484375 0.046875 0.04375
0 0.4046875 0.1234375 0.03125 0.0375
0 0.4421875 0.14140625 0.0390625 0.0375
0 0.465625 0.11171875 0.0328125 0.0328125
0 0.53359375 0.15859375 0.0390625 0.0390625
1 0.4046875 0.23203125 0.03125 0.1453125
1 0.43046875 0.265625 0.0828125 0.159375
1 0.46484375 0.18125 0.0296875 0.0421875
1 0.47578125 0.2375 0.0765625 0.146875
1 0.51640625 0.27421875 0.090625 0.1515625
1 0.5375 0.18046875 0.0625 0.0609375
1 0.56953125 0.24921875 0.0734375 0.1234375
1 0.6171875 0.278125 0.1015625 0.146875
1 0.6484375 0.19140625 0.0265625 0.025
1 0.66328125 0.21328125 0.059375 0.0515625
1 0.70078125 0.275 0.0953125 0.134375
1 0.7578125 0.26171875 0.0796875 0.1234375
1 0.85078125 0.24140625 0.0328125 0.03125
1 0.928125 0.25859375 0.0515625 0.0765625
1 0.9515625 0.3359375 0.096875 0.146875
1 0.87734375 0.32890625 0.090625 0.153125
