0 0.97109375 0.525 0.0578125 0.03125
0 0.925 0.509375 0.046875 0.0265625
1 0.91640625 0.56640625 0.0796875 0.0453125
0 0.97578125 0.378125 0.0078125 0.0046875
1 0.97578125 0.3875 0.015625 0.0125
0 0.971875 0.40390625 0.009375 0.0046875
1 0.97578125 0.41328125 0.015625 0.0140625
0 0.2140625 0.7140625 0.00625 0.009375
1 0.21171875 0.73125 0.009375 0.025
1 0.2140625 0.7453125 0.0171875 0.0734375
1 0.60078125 0.97734375 0.0234375 0.0453125
0 0.58828125 0.94765625 0.009375 0.0140625
1 0.54453125 0.659375 0.0109375 0.040625
