1 0.41484375 0.421875 0.2296875 0.25625
0 0.44453125 0.14140625 0.11875 0.128125
0 0.89765625 0.1390625 0.0296875 0.0453125
0 0.87109375 0.12109375 0.046875 0.05625
0 0.7296875 0.05546875 0.0921875 0.096875
0 0.61328125 0.08046875 0.0875 0.084375
0 0.66484375 0.16484375 0.028125 0.03125
0 0.5734375 0.1515625 0.034375 0.0359375
0 0.534375 0.16171875 0.009375 0.0390625
1 0.53671875 0.25078125 0.0140625 0.1171875
1 0.6203125 0.3328125 0.18125 0.35
1 0.559375 0.21640625 0.059375 0.0796875
1 0.78203125 0.27734375 0.209375 0.328125
1 0.8609375 0.234375 0.075 0.16875
1 0.91171875 0.21015625 0.0640625 0.121875
