0 0.55703125 0.05078125 0.1734375 0.1015625
1 0.56796875 0.325 0.2765625 0.309375
1 0.00859375 0.684375 0.0171875 0.1625
1 0.02578125 0.60546875 0.040625 0.0890625
1 0.059375 0.68046875 0.0625 0.1171875
1 0.08671875 0.6359375 0.025 0.0734375
1 0.13828125 0.68984375 0.0921875 0.1796875
1 0.1859375 0.628125 0.034375 0.096875
1 0.21953125 0.653125 0.0765625 0.11875
1 0.3078125 0.63828125 0.053125 0.1125
1 0.35234375 0.665625 0.08125 0.13125
1 0.40078125 0.6328125 0.0578125 0.103125
0 0.41171875 0.55703125 0.03125 0.0328125
0 0.340625 0.55703125 0.040625 0.0421875
0 0.31015625 0.5421875 0.03125 0.0359375
0 0.2109375 0.5515625 0.0296875 0.0328125
0 0.19296875 0.54453125 0.0234375 0.028125
0 0.14375 0.55625 0.04375 0.0453125
0 0.078125 0.575 0.0171875 0.025
0 0.0578125 0.5671875 0.0328125 0.0375
0 0.046875 0.54921875 0.01875 0.0140625
0 0.02109375 0.53203125 0.0234375 0.025
0 0.0046875 0.5484375 0.009375 0.04375
