1 0.12109375 0.190625 0.0140625 0.0328125
0 0.51640625 0.6984375 0.0328125 0.03125
0 0.80078125 0.73125 0.046875 0.0453125
0 0.8421875 0.728125 0.0328125 0.0375
0 0.88359375 0.70390625 0.046875 0.0484375
0 0.984375 0.74609375 0.0296875 0.0359375
0 0.99609375 0.7125 0.0078125 0.0375
1 0.49921875 0.7953125 0.065625 0.115625
1 0.75859375 0.8296875 0.0859375 0.1515625
1 0.82109375 0.81640625 0.059375 0.1203125
1 0.86953125 0.8109375 0.0796875 0.13125
1 0.94609375 0.87734375 0.0390625 0.08125
1 0.97421875 0.83046875 0.0515625 0.1546875
